47
AtDAP1     0.0000000 0.2048681 0.1629874 0.1738177 0.1825351 0.2117431 0.2164724 0.2539071 0.2685791 0.1998258 0.1970971 0.2039121 0.2864262 0.2882157 0.4521287 0.4204869 0.4937845 0.5148194 0.4444157 0.4754117 0.4645577 0.4691915 0.4780484 0.5089000 0.3508848 0.7888757 0.8344278 0.4625688 0.4592024 0.4538447 0.3510685 0.6566850 0.5822304 0.5158096 0.6269694 0.5751338 0.6784517 0.5238841 0.5105392 0.6256477 0.6497082 0.8348378 0.7112418 0.7387217 1.0172095 0.9302136 0.8095781 
VvDAP1     0.2048681 0.0000000 0.1837265 0.1998185 0.1776365 0.2207931 0.2067928 0.2875789 0.2995529 0.2161337 0.1982629 0.2184398 0.2753505 0.2697183 0.4992201 0.4968602 0.5162735 0.5349840 0.5050186 0.5117423 0.5154278 0.5246781 0.5355360 0.5583777 0.3979543 0.8374280 0.8569444 0.4930494 0.5013476 0.4922123 0.4026678 0.6492166 0.6558714 0.5509815 0.6316856 0.5954369 0.7138965 0.5516964 0.5207148 0.6012412 0.6318226 0.8534461 0.7539817 0.7741729 1.0362358 0.9354055 0.8406981 
PtDAP1a    0.1629874 0.1837265 0.0000000 0.0691113 0.1791396 0.1943207 0.1863060 0.2359295 0.2666948 0.2176098 0.2104560 0.2193735 0.2676894 0.2619635 0.4767818 0.4411196 0.4720573 0.4968917 0.4589500 0.4926368 0.4782107 0.4834802 0.5034034 0.5374804 0.3604905 0.8360247 0.8487251 0.4798162 0.4771955 0.4728176 0.3824968 0.6279763 0.6175891 0.5491497 0.6299019 0.5738574 0.7180490 0.5679258 0.5003239 0.5520499 0.6576252 0.8534540 0.7567236 0.7937200 1.0376116 0.9176691 0.8221139 
PtDAP1b    0.1738177 0.1998185 0.0691113 0.0000000 0.1851677 0.1929501 0.1826353 0.2364955 0.2732842 0.2240087 0.2111962 0.2174638 0.2643151 0.2586148 0.4665918 0.4259865 0.4655637 0.4951476 0.4606841 0.4855489 0.4823833 0.4854436 0.4947408 0.5204249 0.3682657 0.8034741 0.8295681 0.4693986 0.4601953 0.4701707 0.3736679 0.6369496 0.6433828 0.5667263 0.6152772 0.5717512 0.7143943 0.5492576 0.4878379 0.5777649 0.6545159 0.8369474 0.7172583 0.7512980 1.0014131 0.9295562 0.8116001 
MtDAP1     0.1825351 0.1776365 0.1791396 0.1851677 0.0000000 0.1449887 0.1500817 0.2688973 0.2585442 0.2191399 0.2011693 0.2098681 0.2845356 0.2786970 0.4671169 0.4473125 0.4647753 0.5066528 0.4974817 0.5265220 0.5038532 0.4994091 0.5412506 0.5577132 0.3906214 0.8081560 0.8246270 0.4916144 0.4988882 0.4924153 0.3943593 0.6813380 0.6402835 0.5646514 0.6203876 0.5809560 0.6973052 0.5310791 0.4940801 0.6078102 0.6325636 0.8055632 0.7217545 0.7488017 1.0531404 0.9271001 0.7839582 
GmDAP1a    0.2117431 0.2207931 0.1943207 0.1929501 0.1449887 0.0000000 0.0294666 0.2592993 0.2907864 0.2109623 0.2007156 0.1925483 0.2609785 0.2583265 0.4496197 0.4451778 0.4573239 0.4816385 0.4600619 0.4615178 0.4719301 0.4704359 0.4875738 0.5121323 0.3793673 0.8185704 0.8418291 0.4869528 0.4779675 0.4846109 0.3841451 0.6699686 0.6248606 0.5634678 0.6336008 0.5917105 0.6639793 0.5359076 0.4901252 0.6007186 0.6334116 0.8445459 0.7492629 0.7559982 1.0197681 0.9161910 0.7836362 
GmDAP1b    0.2164724 0.2067928 0.1863060 0.1826353 0.1500817 0.0294666 0.0000000 0.2620615 0.3076426 0.2136038 0.1968757 0.1950312 0.2694158 0.2636966 0.4535436 0.4508326 0.4694891 0.4928285 0.4624863 0.4680218 0.4739256 0.4639745 0.4881528 0.5128415 0.3964155 0.8181135 0.8473678 0.4875894 0.4976923 0.4852343 0.4056587 0.6802286 0.6259710 0.5589613 0.6191242 0.5741074 0.6754738 0.5235319 0.4883711 0.6093374 0.6421506 0.8382494 0.7487606 0.7559138 1.0199133 0.9211884 0.7911307 
PsDAP1     0.2539071 0.2875789 0.2359295 0.2364955 0.2688973 0.2592993 0.2620615 0.0000000 0.3109879 0.2701032 0.2535779 0.2632629 0.2878195 0.2895845 0.4796842 0.4715783 0.4972143 0.5054102 0.4877718 0.5014629 0.5239048 0.5134758 0.5422924 0.5943038 0.4054313 0.8553134 0.8799433 0.4952915 0.4971464 0.4803096 0.4252476 0.6723661 0.6232486 0.5671742 0.6456243 0.5937816 0.7227798 0.5447338 0.4764049 0.5992370 0.6201831 0.7759474 0.7469596 0.7914331 1.0431091 0.8720772 0.7782361 
PpDAP1     0.2685791 0.2995529 0.2666948 0.2732842 0.2585442 0.2907864 0.3076426 0.3109879 0.0000000 0.3127882 0.2941953 0.2999767 0.2776243 0.2718109 0.4524293 0.4264703 0.4950509 0.4988975 0.4617189 0.4911319 0.4818198 0.4473728 0.4874019 0.5069832 0.3810117 0.8074818 0.8065968 0.4574969 0.4765752 0.4592200 0.4082510 0.6214461 0.5946627 0.4972017 0.5751640 0.5430632 0.7112899 0.5396256 0.4708876 0.5977826 0.6449096 0.8075476 0.7110660 0.7531584 1.0323417 0.9083494 0.7823024 
BdDAP1     0.1998258 0.2161337 0.2176098 0.2240087 0.2191399 0.2109623 0.2136038 0.2701032 0.3127882 0.0000000 0.0635854 0.0529450 0.2547687 0.2491776 0.4415134 0.4308981 0.5110538 0.4994139 0.4506743 0.4781706 0.4664125 0.4716069 0.5059763 0.5314411 0.3783456 0.7811884 0.7804255 0.4299197 0.4386147 0.4282861 0.3814922 0.6004324 0.6042219 0.5037848 0.5941723 0.5245584 0.6182306 0.5122306 0.4750594 0.5852562 0.6720301 0.8077370 0.7071144 0.7516327 1.0037084 0.8913145 0.7896250 
SbDAP1     0.1970971 0.1982629 0.2104560 0.2111962 0.2011693 0.2007156 0.1968757 0.2535779 0.2941953 0.0635854 0.0000000 0.0483379 0.2567993 0.2513029 0.4208931 0.4171281 0.5024920 0.4963542 0.4519953 0.4791192 0.4651215 0.4639119 0.5037007 0.5253362 0.3708157 0.7841637 0.8018327 0.4440513 0.4546730 0.4522825 0.3688841 0.6017428 0.5860501 0.4658738 0.5688274 0.5270577 0.6399942 0.5186992 0.4706726 0.5638953 0.6474459 0.7724552 0.7118693 0.7534165 1.0225953 0.9179435 0.8173953 
OsjDAP1.1  0.2039121 0.2184398 0.2193735 0.2174638 0.2098681 0.1925483 0.1950312 0.2632629 0.2999767 0.0529450 0.0483379 0.0000000 0.2589402 0.2534458 0.4282513 0.4167885 0.4813722 0.4918094 0.4481870 0.4798805 0.4711025 0.4683175 0.5049429 0.5264015 0.3754049 0.7755791 0.7869568 0.4344147 0.4525011 0.4451344 0.3800427 0.5986707 0.5709300 0.4924213 0.5718877 0.5173757 0.6025964 0.5053025 0.4613381 0.5753106 0.6314697 0.7662753 0.6954796 0.7387178 0.9951228 0.9126708 0.8135522 
SmDAP1b    0.2864262 0.2753505 0.2676894 0.2643151 0.2845356 0.2609785 0.2694158 0.2878195 0.2776243 0.2547687 0.2567993 0.2589402 0.0000000 0.0048128 0.4741727 0.4591088 0.4990540 0.5064402 0.4725750 0.4733860 0.4717044 0.4866654 0.5008447 0.5424308 0.4050167 0.8548815 0.8858830 0.4922068 0.4716953 0.4680938 0.3719409 0.6495581 0.6735375 0.5337440 0.6962656 0.6348851 0.6836672 0.5463772 0.4835748 0.6203734 0.7040333 0.7698145 0.7431652 0.7919800 1.0478430 0.9119737 0.7845324 
SmDAP1a    0.2882157 0.2697183 0.2619635 0.2586148 0.2786970 0.2583265 0.2636966 0.2895845 0.2718109 0.2491776 0.2513029 0.2534458 0.0048128 0.0000000 0.4668908 0.4519746 0.4915598 0.4988536 0.4664738 0.4656106 0.4639442 0.4788256 0.4928132 0.5341643 0.4017340 0.8450699 0.8759558 0.4842567 0.4638172 0.4602698 0.3752125 0.6439242 0.6696497 0.5305850 0.6870656 0.6262255 0.6907177 0.5383436 0.4754719 0.6152485 0.7098186 0.7741166 0.7370152 0.7856110 1.0518198 0.9160054 0.7890596 
MpRccDAP2  0.4521287 0.4992201 0.4767818 0.4665918 0.4671169 0.4496197 0.4535436 0.4796842 0.4524293 0.4415134 0.4208931 0.4282513 0.4741727 0.4668908 0.0000000 0.2039695 0.3744037 0.3791495 0.5097933 0.5034594 0.4816890 0.4840744 0.5024601 0.5446808 0.3634628 0.7600339 0.7494859 0.4703019 0.5021094 0.4812686 0.3949764 0.5964529 0.5922570 0.5094154 0.5469016 0.4944107 0.7042950 0.5240371 0.5318472 0.6266799 0.6945724 0.7711909 0.7766361 0.8040535 1.0180248 0.9181737 0.8299050 
MpCCMPDAP2 0.4204869 0.4968602 0.4411196 0.4259865 0.4473125 0.4451778 0.4508326 0.4715783 0.4264703 0.4308981 0.4171281 0.4167885 0.4591088 0.4519746 0.2039695 0.0000000 0.3275496 0.3105272 0.4726436 0.4804080 0.4824720 0.4581534 0.5127166 0.5390257 0.3505750 0.7397464 0.7564405 0.4377851 0.4652576 0.4473015 0.3981119 0.6159860 0.6102147 0.5089845 0.5378885 0.4859055 0.6825284 0.4976737 0.5119636 0.6315609 0.6604918 0.8158792 0.8016674 0.8440982 1.0635664 0.9418451 0.8335260 
OlDAP2     0.4937845 0.5162735 0.4720573 0.4655637 0.4647753 0.4573239 0.4694891 0.4972143 0.4950509 0.5110538 0.5024920 0.4813722 0.4990540 0.4915598 0.3744037 0.3275496 0.0000000 0.1130253 0.4811677 0.4812347 0.4869116 0.4634044 0.4873083 0.5292248 0.3861851 0.8411428 0.8328096 0.5012705 0.5193002 0.5005345 0.4007222 0.6776109 0.5886637 0.5689493 0.5573634 0.5744838 0.7065542 0.5788161 0.5195490 0.6264286 0.7201866 0.8392632 0.8650991 0.9371923 1.1701989 1.0444465 0.9121013 
OtDAP2     0.5148194 0.5349840 0.4968917 0.4951476 0.5066528 0.4816385 0.4928285 0.5054102 0.4988975 0.4994139 0.4963542 0.4918094 0.5064402 0.4988536 0.3791495 0.3105272 0.1130253 0.0000000 0.5058861 0.5087250 0.5001133 0.4808076 0.5064572 0.5357436 0.4136288 0.8722506 0.8752187 0.4932202 0.5204368 0.5074469 0.4403223 0.6950764 0.6393467 0.5729181 0.5777171 0.5785414 0.7239100 0.6047533 0.5687065 0.6616876 0.7966641 0.8625553 0.9021714 0.9600808 1.2393089 1.0420518 0.9402229 
AtDAP2     0.4444157 0.5050186 0.4589500 0.4606841 0.4974817 0.4600619 0.4624863 0.4877718 0.4617189 0.4506743 0.4519953 0.4481870 0.4725750 0.4664738 0.5097933 0.4726436 0.4811677 0.5058861 0.0000000 0.1476017 0.1293681 0.1523973 0.1704041 0.1979313 0.3347487 0.7531673 0.7338087 0.2020005 0.2275396 0.2078730 0.3303750 0.5432039 0.6570819 0.5628957 0.6844776 0.6317576 0.6852488 0.5505942 0.5557024 0.6870428 0.7744000 0.8856917 0.7348338 0.7866194 1.1047103 0.9603478 0.8842419 
PtDAP2     0.4754117 0.5117423 0.4926368 0.4855489 0.5265220 0.4615178 0.4680218 0.5014629 0.4911319 0.4781706 0.4791192 0.4798805 0.4733860 0.4656106 0.5034594 0.4804080 0.4812347 0.5087250 0.1476017 0.0000000 0.0953274 0.1386023 0.1391107 0.1689962 0.3386164 0.7627932 0.7394967 0.1912721 0.1980668 0.1846695 0.3463089 0.5521364 0.6550514 0.5826385 0.6996309 0.6289090 0.7384782 0.5885865 0.5566887 0.6454313 0.7811758 0.9332972 0.7934618 0.8351143 1.1674076 0.9840490 0.9008812 
VvDAP2     0.4645577 0.5154278 0.4782107 0.4823833 0.5038532 0.4719301 0.4739256 0.5239048 0.4818198 0.4664125 0.4651215 0.4711025 0.4717044 0.4639442 0.4816890 0.4824720 0.4869116 0.5001133 0.1293681 0.0953274 0.0000000 0.1041785 0.1169780 0.1438299 0.3202450 0.7446468 0.7214050 0.1632055 0.1819206 0.1689386 0.3293336 0.5209912 0.6662885 0.5641517 0.7069723 0.6488748 0.7103887 0.5834664 0.5624560 0.6285091 0.7961277 0.8962285 0.7929371 0.8022717 1.1427497 1.0040786 0.8782034 
MtDAP2     0.4691915 0.5246781 0.4834802 0.4854436 0.4994091 0.4704359 0.4639745 0.5134758 0.4473728 0.4716069 0.4639119 0.4683175 0.4866654 0.4788256 0.4840744 0.4581534 0.4634044 0.4808076 0.1523973 0.1386023 0.1041785 0.0000000 0.0935667 0.1237903 0.3076949 0.7341268 0.7299164 0.1942385 0.2112767 0.2060379 0.3298304 0.5581071 0.6403756 0.5552522 0.6649523 0.6285422 0.7171187 0.5622508 0.5562430 0.6373158 0.7942471 0.8731026 0.7810385 0.8279357 1.1155364 0.9983211 0.8863452 
GmDAP2a    0.4780484 0.5355360 0.5034034 0.4947408 0.5412506 0.4875738 0.4881528 0.5422924 0.4874019 0.5059763 0.5037007 0.5049429 0.5008447 0.4928132 0.5024601 0.5127166 0.4873083 0.5064572 0.1704041 0.1391107 0.1169780 0.0935667 0.0000000 0.0487572 0.3372294 0.7309503 0.7246542 0.2240469 0.2276404 0.2263657 0.3607614 0.5518483 0.6937899 0.5884664 0.7041509 0.6410155 0.7310579 0.6077509 0.5881214 0.6702287 0.8162103 0.9019512 0.8375690 0.8587932 1.1578844 1.0339570 0.9129951 
GmDAP2b    0.5089000 0.5583777 0.5374804 0.5204249 0.5577132 0.5121323 0.5128415 0.5943038 0.5069832 0.5314411 0.5253362 0.5264015 0.5424308 0.5341643 0.5446808 0.5390257 0.5292248 0.5357436 0.1979313 0.1689962 0.1438299 0.1237903 0.0487572 0.0000000 0.3605525 0.7443060 0.7293951 0.2495919 0.2627072 0.2548170 0.3940306 0.5647800 0.7339016 0.6080228 0.7454945 0.6828110 0.7695425 0.6402393 0.6238666 0.6882423 0.8252749 0.9468394 0.8462747 0.8792359 1.1993093 1.0817506 0.9748167 
PpDAP2a    0.3508848 0.3979543 0.3604905 0.3682657 0.3906214 0.3793673 0.3964155 0.4054313 0.3810117 0.3783456 0.3708157 0.3754049 0.4050167 0.4017340 0.3634628 0.3505750 0.3861851 0.4136288 0.3347487 0.3386164 0.3202450 0.3076949 0.3372294 0.3605525 0.0000000 0.5676089 0.5735020 0.3132520 0.3231559 0.3156119 0.1950661 0.4031527 0.5876839 0.5165926 0.6154578 0.5617275 0.6292234 0.4999028 0.5188380 0.5767748 0.6716154 0.9010301 0.7021997 0.7478383 1.0323060 0.8646720 0.7676331 
PpDAP2b1   0.7888757 0.8374280 0.8360247 0.8034741 0.8081560 0.8185704 0.8181135 0.8553134 0.8074818 0.7811884 0.7841637 0.7755791 0.8548815 0.8450699 0.7600339 0.7397464 0.8411428 0.8722506 0.7531673 0.7627932 0.7446468 0.7341268 0.7309503 0.7443060 0.5676089 0.0000000 0.1255525 0.7768350 0.7924576 0.7793814 0.6367136 0.4395572 1.0092647 0.9025076 1.0371560 0.9500311 1.1314813 0.9821386 0.9316639 1.0452896 0.9905390 1.3858310 1.1878883 1.2662280 1.6102796 1.3674946 1.2901998 
PpDAP2b2   0.8344278 0.8569444 0.8487251 0.8295681 0.8246270 0.8418291 0.8473678 0.8799433 0.8065968 0.7804255 0.8018327 0.7869568 0.8858830 0.8759558 0.7494859 0.7564405 0.8328096 0.8752187 0.7338087 0.7394967 0.7214050 0.7299164 0.7246542 0.7293951 0.5735020 0.1255525 0.0000000 0.7643802 0.7851968 0.7668768 0.6480285 0.4272638 1.0238355 0.9286452 1.0258272 0.9650150 1.1137859 0.9508831 0.9308040 1.0104336 0.9539313 1.3691248 1.1729632 1.2565455 1.5250650 1.2817526 1.2629180 
BdDAP2     0.4625688 0.4930494 0.4798162 0.4693986 0.4916144 0.4869528 0.4875894 0.4952915 0.4574969 0.4299197 0.4440513 0.4344147 0.4922068 0.4842567 0.4703019 0.4377851 0.5012705 0.4932202 0.2020005 0.1912721 0.1632055 0.1942385 0.2240469 0.2495919 0.3132520 0.7768350 0.7643802 0.0000000 0.0558503 0.0402889 0.3586307 0.5587395 0.6765855 0.5844220 0.6370286 0.6347049 0.7404122 0.5460643 0.5741403 0.6462208 0.8050557 0.8840092 0.7908276 0.8097736 1.1156346 0.9703562 0.9187346 
SbDAP2     0.4592024 0.5013476 0.4771955 0.4601953 0.4988882 0.4779675 0.4976923 0.4971464 0.4765752 0.4386147 0.4546730 0.4525011 0.4716953 0.4638172 0.5021094 0.4652576 0.5193002 0.5204368 0.2275396 0.1980668 0.1819206 0.2112767 0.2276404 0.2627072 0.3231559 0.7924576 0.7851968 0.0558503 0.0000000 0.0637285 0.3543898 0.5717924 0.6711706 0.6145335 0.6750901 0.6464996 0.7758827 0.5641604 0.5908959 0.6650158 0.8154355 0.8647605 0.7918412 0.8189164 1.1365692 0.9593007 0.9366343 
OsjDAP2    0.4538447 0.4922123 0.4728176 0.4701707 0.4924153 0.4846109 0.4852343 0.4803096 0.4592200 0.4282861 0.4522825 0.4451344 0.4680938 0.4602698 0.4812686 0.4473015 0.5005345 0.5074469 0.2078730 0.1846695 0.1689386 0.2060379 0.2263657 0.2548170 0.3156119 0.7793814 0.7668768 0.0402889 0.0637285 0.0000000 0.3717983 0.5617267 0.6627962 0.5951402 0.6588310 0.6470673 0.7856774 0.5531774 0.5719813 0.6464534 0.7943071 0.8752839 0.7717922 0.8260947 1.1184006 0.9481407 0.9299755 
SmDAP2a    0.3510685 0.4026678 0.3824968 0.3736679 0.3943593 0.3841451 0.4056587 0.4252476 0.4082510 0.3814922 0.3688841 0.3800427 0.3719409 0.3752125 0.3949764 0.3981119 0.4007222 0.4403223 0.3303750 0.3463089 0.3293336 0.3298304 0.3607614 0.3940306 0.1950661 0.6367136 0.6480285 0.3586307 0.3543898 0.3717983 0.0000000 0.4494434 0.6629122 0.5515979 0.6348510 0.5807444 0.6459442 0.5509129 0.5796099 0.6193261 0.6805564 0.8380230 0.7677386 0.8097034 1.0247689 0.8848200 0.7827929 
SmDAP2b    0.6566850 0.6492166 0.6279763 0.6369496 0.6813380 0.6699686 0.6802286 0.6723661 0.6214461 0.6004324 0.6017428 0.5986707 0.6495581 0.6439242 0.5964529 0.6159860 0.6776109 0.6950764 0.5432039 0.5521364 0.5209912 0.5581071 0.5518483 0.5647800 0.4031527 0.4395572 0.4272638 0.5587395 0.5717924 0.5617267 0.4494434 0.0000000 0.8896368 0.7259165 0.8691536 0.7933384 0.9187840 0.7912501 0.7793435 0.8665574 0.7988483 1.0961357 0.9953064 1.0655783 1.4742806 1.1803954 1.1656651 
MpRccDAP1  0.5822304 0.6558714 0.6175891 0.6433828 0.6402835 0.6248606 0.6259710 0.6232486 0.5946627 0.6042219 0.5860501 0.5709300 0.6735375 0.6696497 0.5922570 0.6102147 0.5886637 0.6393467 0.6570819 0.6550514 0.6662885 0.6403756 0.6937899 0.7339016 0.5876839 1.0092647 1.0238355 0.6765855 0.6711706 0.6627962 0.6629122 0.8896368 0.0000000 0.2126644 0.4099560 0.4213928 0.8020728 0.6907019 0.6403739 0.7993708 0.7915320 0.8323235 0.9118827 0.9831136 1.0726305 1.1226349 1.0095771 
MpCCMPDAP1 0.5158096 0.5509815 0.5491497 0.5667263 0.5646514 0.5634678 0.5589613 0.5671742 0.4972017 0.5037848 0.4658738 0.4924213 0.5337440 0.5305850 0.5094154 0.5089845 0.5689493 0.5729181 0.5628957 0.5826385 0.5641517 0.5552522 0.5884664 0.6080228 0.5165926 0.9025076 0.9286452 0.5844220 0.6145335 0.5951402 0.5515979 0.7259165 0.2126644 0.0000000 0.4044362 0.4089307 0.7041078 0.5966831 0.6299451 0.7716922 0.6914290 0.7753274 0.8607878 0.8911728 1.0683313 1.0291128 0.9983720 
OlDAP1     0.6269694 0.6316856 0.6299019 0.6152772 0.6203876 0.6336008 0.6191242 0.6456243 0.5751640 0.5941723 0.5688274 0.5718877 0.6962656 0.6870656 0.5469016 0.5378885 0.5573634 0.5777171 0.6844776 0.6996309 0.7069723 0.6649523 0.7041509 0.7454945 0.6154578 1.0371560 1.0258272 0.6370286 0.6750901 0.6588310 0.6348510 0.8691536 0.4099560 0.4044362 0.0000000 0.1452901 0.8661907 0.6802338 0.6709894 0.7822158 0.9513157 0.9092243 1.0235423 1.0493878 1.1214934 1.1499066 1.1146400 
OtDAP1     0.5751338 0.5954369 0.5738574 0.5717512 0.5809560 0.5917105 0.5741074 0.5937816 0.5430632 0.5245584 0.5270577 0.5173757 0.6348851 0.6262255 0.4944107 0.4859055 0.5744838 0.5785414 0.6317576 0.6289090 0.6488748 0.6285422 0.6410155 0.6828110 0.5617275 0.9500311 0.9650150 0.6347049 0.6464996 0.6470673 0.5807444 0.7933384 0.4213928 0.4089307 0.1452901 0.0000000 0.7974285 0.6162824 0.6149759 0.7545538 0.8250826 0.8699672 0.9600487 0.9825062 1.0604210 1.0586942 1.0190069 
PiDAP      0.6784517 0.7138965 0.7180490 0.7143943 0.6973052 0.6639793 0.6754738 0.7227798 0.7112899 0.6182306 0.6399942 0.6025964 0.6836672 0.6907177 0.7042950 0.6825284 0.7065542 0.7239100 0.6852488 0.7384782 0.7103887 0.7171187 0.7310579 0.7695425 0.6292234 1.1314813 1.1137859 0.7404122 0.7758827 0.7856774 0.6459442 0.9187840 0.8020728 0.7041078 0.8661907 0.7974285 0.0000000 0.7676498 0.7534444 0.8819214 0.7912205 0.8553426 0.7982055 0.8169250 0.9649056 0.8953128 0.7570683 
CrDAP      0.5238841 0.5516964 0.5679258 0.5492576 0.5310791 0.5359076 0.5235319 0.5447338 0.5396256 0.5122306 0.5186992 0.5053025 0.5463772 0.5383436 0.5240371 0.4976737 0.5788161 0.6047533 0.5505942 0.5885865 0.5834664 0.5622508 0.6077509 0.6402393 0.4999028 0.9821386 0.9508831 0.5460643 0.5641604 0.5531774 0.5509129 0.7912501 0.6907019 0.5966831 0.6802338 0.6162824 0.7676498 0.0000000 0.3582291 0.4792650 0.7796666 0.9649988 0.7722977 0.8244765 1.1243003 1.0006771 0.8800608 
CsDAP      0.5105392 0.5207148 0.5003239 0.4878379 0.4940801 0.4901252 0.4883711 0.4764049 0.4708876 0.4750594 0.4706726 0.4613381 0.4835748 0.4754719 0.5318472 0.5119636 0.5195490 0.5687065 0.5557024 0.5566887 0.5624560 0.5562430 0.5881214 0.6238666 0.5188380 0.9316639 0.9308040 0.5741403 0.5908959 0.5719813 0.5796099 0.7793435 0.6403739 0.6299451 0.6709894 0.6149759 0.7534444 0.3582291 0.0000000 0.4236593 0.7179946 0.8787973 0.7617584 0.8544584 1.1373442 1.0067292 0.8700330 
CvDAP      0.6256477 0.6012412 0.5520499 0.5777649 0.6078102 0.6007186 0.6093374 0.5992370 0.5977826 0.5852562 0.5638953 0.5753106 0.6203734 0.6152485 0.6266799 0.6315609 0.6264286 0.6616876 0.6870428 0.6454313 0.6285091 0.6373158 0.6702287 0.6882423 0.5767748 1.0452896 1.0104336 0.6462208 0.6650158 0.6464534 0.6193261 0.8665574 0.7993708 0.7716922 0.7822158 0.7545538 0.8819214 0.4792650 0.4236593 0.0000000 0.9023501 0.9733412 0.9370021 1.0160967 1.3085540 1.1685754 0.9714828 
CpDAP      0.6497082 0.6318226 0.6576252 0.6545159 0.6325636 0.6334116 0.6421506 0.6201831 0.6449096 0.6720301 0.6474459 0.6314697 0.7040333 0.7098186 0.6945724 0.6604918 0.7201866 0.7966641 0.7744000 0.7811758 0.7961277 0.7942471 0.8162103 0.8252749 0.6716154 0.9905390 0.9539313 0.8050557 0.8154355 0.7943071 0.6805564 0.7988483 0.7915320 0.6914290 0.9513157 0.8250826 0.7912205 0.7796666 0.7179946 0.9023501 0.0000000 0.7288002 0.7622352 0.7851391 1.0359770 1.0088400 0.8104094 
PcDAP      0.8348378 0.8534461 0.8534540 0.8369474 0.8055632 0.8445459 0.8382494 0.7759474 0.8075476 0.8077370 0.7724552 0.7662753 0.7698145 0.7741166 0.7711909 0.8158792 0.8392632 0.8625553 0.8856917 0.9332972 0.8962285 0.8731026 0.9019512 0.9468394 0.9010301 1.3858310 1.3691248 0.8840092 0.8647605 0.8752839 0.8380230 1.0961357 0.8323235 0.7753274 0.9092243 0.8699672 0.8553426 0.9649988 0.8787973 0.9733412 0.7288002 0.0000000 0.9207024 0.9673807 1.1248422 1.0729750 1.0386782 
HsDNPEP    0.7112418 0.7539817 0.7567236 0.7172583 0.7217545 0.7492629 0.7487606 0.7469596 0.7110660 0.7071144 0.7118693 0.6954796 0.7431652 0.7370152 0.7766361 0.8016674 0.8650991 0.9021714 0.7348338 0.7934618 0.7929371 0.7810385 0.8375690 0.8462747 0.7021997 1.1878883 1.1729632 0.7908276 0.7918412 0.7717922 0.7677386 0.9953064 0.9118827 0.8607878 1.0235423 0.9600487 0.7982055 0.7722977 0.7617584 0.9370021 0.7622352 0.9207024 0.0000000 0.0846852 1.0049710 0.8771441 0.7681599 
MmDNPEP    0.7387217 0.7741729 0.7937200 0.7512980 0.7488017 0.7559982 0.7559138 0.7914331 0.7531584 0.7516327 0.7534165 0.7387178 0.7919800 0.7856110 0.8040535 0.8440982 0.9371923 0.9600808 0.7866194 0.8351143 0.8022717 0.8279357 0.8587932 0.8792359 0.7478383 1.2662280 1.2565455 0.8097736 0.8189164 0.8260947 0.8097034 1.0655783 0.9831136 0.8911728 1.0493878 0.9825062 0.8169250 0.8244765 0.8544584 1.0160967 0.7851391 0.9673807 0.0846852 0.0000000 1.0039945 0.8932302 0.7641357 
ScDAP      1.0172095 1.0362358 1.0376116 1.0014131 1.0531404 1.0197681 1.0199133 1.0431091 1.0323417 1.0037084 1.0225953 0.9951228 1.0478430 1.0518198 1.0180248 1.0635664 1.1701989 1.2393089 1.1047103 1.1674076 1.1427497 1.1155364 1.1578844 1.1993093 1.0323060 1.6102796 1.5250650 1.1156346 1.1365692 1.1184006 1.0247689 1.4742806 1.0726305 1.0683313 1.1214934 1.0604210 0.9649056 1.1243003 1.1373442 1.3085540 1.0359770 1.1248422 1.0049710 1.0039945 0.0000000 0.7812217 0.6523584 
SpDAP      0.9302136 0.9354055 0.9176691 0.9295562 0.9271001 0.9161910 0.9211884 0.8720772 0.9083494 0.8913145 0.9179435 0.9126708 0.9119737 0.9160054 0.9181737 0.9418451 1.0444465 1.0420518 0.9603478 0.9840490 1.0040786 0.9983211 1.0339570 1.0817506 0.8646720 1.3674946 1.2817526 0.9703562 0.9593007 0.9481407 0.8848200 1.1803954 1.1226349 1.0291128 1.1499066 1.0586942 0.8953128 1.0006771 1.0067292 1.1685754 1.0088400 1.0729750 0.8771441 0.8932302 0.7812217 0.0000000 0.6398960 
AoDAP      0.8095781 0.8406981 0.8221139 0.8116001 0.7839582 0.7836362 0.7911307 0.7782361 0.7823024 0.7896250 0.8173953 0.8135522 0.7845324 0.7890596 0.8299050 0.8335260 0.9121013 0.9402229 0.8842419 0.9008812 0.8782034 0.8863452 0.9129951 0.9748167 0.7676331 1.2901998 1.2629180 0.9187346 0.9366343 0.9299755 0.7827929 1.1656651 1.0095771 0.9983720 1.1146400 1.0190069 0.7570683 0.8800608 0.8700330 0.9714828 0.8104094 1.0386782 0.7681599 0.7641357 0.6523584 0.6398960 0.0000000 
