47
AtDAP1     0.0000000 0.2152159 0.1753539 0.1796337 0.1787133 0.2117995 0.2153327 0.2649559 0.2526167 0.2018090 0.1975144 0.2019437 0.2958348 0.2978136 0.4966406 0.4478196 0.5135123 0.5299821 0.4392192 0.4755045 0.4758105 0.4764693 0.4902213 0.5175137 0.3700989 0.8649524 0.9223550 0.4679341 0.4637532 0.4614149 0.3754822 0.7038296 0.6195293 0.5183717 0.6602351 0.6053213 0.7388150 0.5363620 0.5266608 0.6612822 0.6597004 0.8904553 0.7587684 0.7784753 1.0910769 1.0297449 0.8913918 
VvDAP1     0.2152159 0.0000000 0.1832065 0.1927724 0.1767733 0.2207044 0.2046998 0.2911034 0.2888517 0.2142038 0.1902012 0.2121212 0.2817629 0.2753490 0.5452022 0.5252415 0.5409435 0.5403650 0.5022942 0.5080493 0.5220914 0.5282011 0.5378710 0.5593709 0.4161382 0.9124851 0.9408710 0.4987861 0.5071960 0.4970343 0.4265031 0.6907195 0.7075792 0.5552474 0.6652928 0.6264126 0.7672115 0.5645711 0.5425522 0.6357477 0.6561400 0.9120126 0.8054934 0.8157586 1.1122671 1.0319196 0.9267696 
PtDAP1a    0.1753539 0.1832065 0.0000000 0.0691305 0.1737378 0.1978480 0.1873295 0.2430097 0.2569651 0.2132244 0.2075574 0.2176723 0.2737302 0.2671861 0.5188329 0.4694353 0.4902775 0.5096461 0.4481299 0.4867855 0.4803900 0.4849461 0.5208698 0.5459411 0.3797672 0.9087416 0.9271547 0.4764004 0.4728863 0.4717645 0.4055658 0.6610739 0.6533660 0.5421810 0.6710421 0.6068839 0.7630148 0.5831464 0.5193206 0.5878603 0.6587519 0.9208933 0.8081700 0.8383753 1.1089415 1.0217127 0.9042660 
PtDAP1b    0.1796337 0.1927724 0.0691305 0.0000000 0.1743901 0.1919187 0.1788191 0.2409314 0.2639674 0.2227613 0.2098083 0.2184156 0.2647746 0.2583123 0.4974264 0.4466208 0.4798006 0.5050981 0.4526254 0.4819399 0.4835339 0.4895708 0.5053548 0.5282945 0.3873250 0.8762544 0.9102256 0.4634452 0.4536937 0.4673133 0.3899503 0.6706725 0.6732406 0.5578569 0.6483425 0.6003486 0.7488450 0.5634007 0.5088525 0.6150506 0.6468880 0.9029791 0.7636642 0.7906900 1.0600579 1.0291563 0.8759093 
MtDAP1     0.1787133 0.1767733 0.1737378 0.1743901 0.0000000 0.1473489 0.1536931 0.2761209 0.2451285 0.2103524 0.1969526 0.2093749 0.2836645 0.2770472 0.4976539 0.4682113 0.4761609 0.5112540 0.4979740 0.5251840 0.5111788 0.5109075 0.5409016 0.5578840 0.4097785 0.8710065 0.8946052 0.4885755 0.4949582 0.4896543 0.4122048 0.7236635 0.6752998 0.5614866 0.6592368 0.6110832 0.7487926 0.5472793 0.5118493 0.6370525 0.6293331 0.8692287 0.7852812 0.8035328 1.1100523 1.0092714 0.8669341 
GmDAP1a    0.2117995 0.2207044 0.1978480 0.1919187 0.1473489 0.0000000 0.0302143 0.2648325 0.2843990 0.2068035 0.2017448 0.1955128 0.2662392 0.2631629 0.4978733 0.4717028 0.4807068 0.4898837 0.4496821 0.4484712 0.4678224 0.4739918 0.4833608 0.5074320 0.3902832 0.8879393 0.9187623 0.4756478 0.4691773 0.4732403 0.4022536 0.7037399 0.6654606 0.5641655 0.6704876 0.6339110 0.6914019 0.5719188 0.5251906 0.6372859 0.6473067 0.9124404 0.8097995 0.8070513 1.0876756 1.0079175 0.8476533 
GmDAP1b    0.2153327 0.2046998 0.1873295 0.1788191 0.1536931 0.0302143 0.0000000 0.2659257 0.3005044 0.2097859 0.1975574 0.1983939 0.2732946 0.2667634 0.5026693 0.4759346 0.4944695 0.5024403 0.4492292 0.4554322 0.4700105 0.4669284 0.4808634 0.5050102 0.4095359 0.8872260 0.9249067 0.4733499 0.4876332 0.4709302 0.4264918 0.7150275 0.6684943 0.5609294 0.6563991 0.6152273 0.7011939 0.5501202 0.5161782 0.6467976 0.6530669 0.9077328 0.8082159 0.8063925 1.0841693 1.0088102 0.8535115 
PsDAP1     0.2649559 0.2911034 0.2430097 0.2409314 0.2761209 0.2648325 0.2659257 0.0000000 0.3012251 0.2669323 0.2519220 0.2679916 0.2887277 0.2906708 0.5212474 0.4981061 0.5169476 0.5294221 0.4888206 0.4974916 0.5254073 0.5130481 0.5433193 0.5997542 0.4255805 0.9373468 0.9699481 0.4999112 0.5026212 0.4838519 0.4430947 0.7270844 0.6720145 0.5785214 0.6963700 0.6373974 0.7783172 0.5729446 0.4941478 0.6454252 0.6335075 0.8323647 0.8230034 0.8733726 1.0972174 0.9626940 0.8700333 
PpDAP1     0.2526167 0.2888517 0.2569651 0.2639674 0.2451285 0.2843990 0.3005044 0.3012251 0.0000000 0.2893661 0.2728837 0.2873951 0.2648582 0.2584647 0.4614901 0.4313448 0.5036764 0.5015108 0.4628443 0.4971495 0.4791251 0.4456495 0.4905078 0.5121650 0.3712089 0.8356785 0.8386499 0.4490952 0.4669620 0.4545148 0.3912475 0.6207320 0.6310506 0.4879663 0.6125006 0.5652066 0.7501962 0.5668350 0.4920070 0.6205775 0.6110068 0.8698315 0.7554891 0.8000943 1.1090954 0.9910853 0.8396771 
BdDAP1     0.2018090 0.2142038 0.2132244 0.2227613 0.2103524 0.2068035 0.2097859 0.2669323 0.2893661 0.0000000 0.0628829 0.0473394 0.2591779 0.2527998 0.4768022 0.4382760 0.5267520 0.5079581 0.4417593 0.4770562 0.4762088 0.4770479 0.5097986 0.5312220 0.3964293 0.8598503 0.8623513 0.4285012 0.4421196 0.4260005 0.4072463 0.6346573 0.6209310 0.5015309 0.6071815 0.5383958 0.6362653 0.5173647 0.4777993 0.6031045 0.6660678 0.8564608 0.7528464 0.7924359 1.0793041 0.9809954 0.8502064 
SbDAP1     0.1975144 0.1902012 0.2075574 0.2098083 0.1969526 0.2017448 0.1975574 0.2519220 0.2728837 0.0628829 0.0000000 0.0456975 0.2640624 0.2577407 0.4537501 0.4321222 0.5233294 0.5091405 0.4438950 0.4788821 0.4663991 0.4714901 0.5042677 0.5257694 0.3880965 0.8635195 0.8876049 0.4358999 0.4516198 0.4440630 0.3883929 0.6349264 0.5986963 0.4563037 0.5824472 0.5443033 0.6587923 0.5318245 0.4786404 0.5801906 0.6377812 0.8204635 0.7681026 0.8046449 1.0965407 1.0159594 0.8821301 
OsjDAP1.1  0.2019437 0.2121212 0.2176723 0.2184156 0.2093749 0.1955128 0.1983939 0.2679916 0.2873951 0.0473394 0.0456975 0.0000000 0.2586514 0.2524013 0.4579494 0.4277350 0.5043548 0.5089335 0.4466820 0.4871045 0.4775859 0.4868719 0.5200888 0.5416762 0.3994805 0.8625872 0.8793393 0.4334403 0.4549399 0.4419235 0.4005212 0.6367806 0.5955265 0.4973424 0.5993167 0.5500093 0.6309304 0.5252663 0.4759928 0.6060430 0.6178684 0.8089505 0.7567163 0.8058741 1.0609487 1.0026369 0.8710052 
SmDAP1b    0.2958348 0.2817629 0.2737302 0.2647746 0.2836645 0.2662392 0.2732946 0.2887277 0.2648582 0.2591779 0.2640624 0.2586514 0.0000000 0.0054190 0.5113091 0.4958307 0.5143688 0.5156920 0.4615317 0.4689703 0.4750606 0.4898881 0.5011196 0.5439732 0.4071165 0.9112867 0.9502882 0.4966222 0.4796233 0.4687920 0.3843306 0.6645782 0.7282632 0.5531609 0.7324241 0.6631040 0.7168073 0.5813731 0.4948596 0.6539052 0.7191334 0.8123359 0.8033337 0.8472640 1.1349918 1.0008072 0.8573245 
SmDAP1a    0.2978136 0.2753490 0.2671861 0.2583123 0.2770472 0.2631629 0.2667634 0.2906708 0.2584647 0.2527998 0.2577407 0.2524013 0.0054190 0.0000000 0.5027639 0.4874100 0.5057844 0.5070730 0.4547256 0.4602513 0.4663212 0.4810458 0.4921070 0.5347096 0.4033852 0.8998689 0.9386903 0.4876527 0.4707357 0.4600083 0.3879608 0.6582378 0.7234735 0.5494608 0.7217183 0.6530364 0.7248237 0.5719662 0.4856484 0.6477497 0.7256517 0.8171112 0.7960863 0.8397807 1.1395621 1.0056036 0.8625400 
MpRccDAP2  0.4966406 0.5452022 0.5188329 0.4974264 0.4976539 0.4978733 0.5026693 0.5212474 0.4614901 0.4768022 0.4537501 0.4579494 0.5113091 0.5027639 0.0000000 0.2009213 0.3967349 0.3906804 0.4974089 0.4923489 0.4833327 0.4852546 0.4998725 0.5395283 0.3793990 0.8319977 0.8226996 0.4610620 0.4985229 0.4724963 0.4244915 0.6298964 0.6362259 0.5170781 0.5676636 0.5170853 0.7453045 0.5502511 0.5636426 0.6628380 0.7444089 0.8363639 0.8571669 0.8715903 1.0957368 1.0315212 0.9184730 
MpCCMPDAP2 0.4478196 0.5252415 0.4694353 0.4466208 0.4682113 0.4717028 0.4759346 0.4981061 0.4313448 0.4382760 0.4321222 0.4277350 0.4958307 0.4874100 0.2009213 0.0000000 0.3318124 0.3152444 0.4605138 0.4810789 0.4783571 0.4621104 0.5117508 0.5420693 0.3545304 0.7784373 0.8020649 0.4246494 0.4570685 0.4401416 0.4062269 0.6308654 0.6448251 0.4990522 0.5468586 0.4962185 0.7324687 0.5159994 0.5338639 0.6570945 0.6763023 0.8784880 0.8795257 0.9148170 1.1403987 1.0505688 0.9212252 
OlDAP2     0.5135123 0.5409435 0.4902775 0.4798006 0.4761609 0.4807068 0.4944695 0.5169476 0.5036764 0.5267520 0.5233294 0.5043548 0.5143688 0.5057844 0.3967349 0.3318124 0.0000000 0.1026329 0.4627166 0.4730486 0.4794627 0.4683559 0.4766930 0.5221967 0.3983862 0.9062934 0.9008479 0.4884708 0.5109733 0.4841770 0.4053895 0.7074669 0.6134456 0.5679377 0.5859686 0.6040494 0.7379817 0.5992965 0.5532981 0.6657586 0.7534065 0.9078085 0.9555023 1.0220342 1.2159533 1.1362873 0.9788200 
OtDAP2     0.5299821 0.5403650 0.5096461 0.5050981 0.5112540 0.4898837 0.5024403 0.5294221 0.5015108 0.5079581 0.5091405 0.5089335 0.5156920 0.5070730 0.3906804 0.3152444 0.1026329 0.0000000 0.4898183 0.4975913 0.4921428 0.4782901 0.4983399 0.5281921 0.4205771 0.9319659 0.9404358 0.4833274 0.5142403 0.4997557 0.4396605 0.7225863 0.6629997 0.5641202 0.6017098 0.5977463 0.7582579 0.6220420 0.5857430 0.6887469 0.8217209 0.9135607 0.9995194 1.0524892 1.2923650 1.1651223 1.0319746 
AtDAP2     0.4392192 0.5022942 0.4481299 0.4526254 0.4979740 0.4496821 0.4492292 0.4888206 0.4628443 0.4417593 0.4438950 0.4466820 0.4615317 0.4547256 0.4974089 0.4605138 0.4627166 0.4898183 0.0000000 0.1434205 0.1235050 0.1394339 0.1572989 0.1894164 0.3153559 0.7821058 0.7638126 0.2040997 0.2214314 0.2053003 0.3092586 0.5454622 0.6808052 0.5530000 0.6925131 0.6424738 0.7089231 0.5540701 0.5442895 0.7141844 0.7322027 0.9133845 0.7768579 0.8253555 1.1917254 1.0423710 0.9216583 
PtDAP2     0.4755045 0.5080493 0.4867855 0.4819399 0.5251840 0.4484712 0.4554322 0.4974916 0.4971495 0.4770562 0.4788821 0.4871045 0.4689703 0.4602513 0.4923489 0.4810789 0.4730486 0.4975913 0.1434205 0.0000000 0.0880008 0.1280016 0.1213871 0.1542978 0.3238273 0.8029781 0.7797859 0.1891594 0.1858414 0.1791946 0.3308252 0.5596536 0.6822682 0.5768095 0.7122694 0.6493748 0.7743804 0.5983573 0.5496994 0.6942448 0.7422790 0.9743633 0.8344511 0.8855483 1.2483367 1.0648557 0.9385275 
VvDAP2     0.4758105 0.5220914 0.4803900 0.4835339 0.5111788 0.4678224 0.4700105 0.5254073 0.4791251 0.4762088 0.4663991 0.4775859 0.4750606 0.4663212 0.4833327 0.4783571 0.4794627 0.4921428 0.1235050 0.0880008 0.0000000 0.0988788 0.1049317 0.1339449 0.3081876 0.7859034 0.7628215 0.1620605 0.1726758 0.1662564 0.3232382 0.5325601 0.6998377 0.5747939 0.7179194 0.6628713 0.7367194 0.5967876 0.5618588 0.6695006 0.7734166 0.9302211 0.8459075 0.8415190 1.2306303 1.0767312 0.9303997 
MtDAP2     0.4764693 0.5282011 0.4849461 0.4895708 0.5109075 0.4739918 0.4669284 0.5130481 0.4456495 0.4770479 0.4714901 0.4868719 0.4898881 0.4810458 0.4852546 0.4621104 0.4683559 0.4782901 0.1394339 0.1280016 0.0988788 0.0000000 0.0883571 0.1224685 0.3015146 0.7842804 0.7834273 0.1873997 0.2049857 0.2005224 0.3217713 0.5752374 0.6626396 0.5547788 0.6763287 0.6484556 0.7478650 0.5813408 0.5626605 0.6802716 0.7720401 0.9095289 0.8427273 0.8782523 1.1996729 1.0649976 0.9270497 
GmDAP2a    0.4902213 0.5378710 0.5208698 0.5053548 0.5409016 0.4833608 0.4808634 0.5433193 0.4905078 0.5097986 0.5042677 0.5200888 0.5011196 0.4921070 0.4998725 0.5117508 0.4766930 0.4983399 0.1572989 0.1213871 0.1049317 0.0883571 0.0000000 0.0487554 0.3309024 0.7780415 0.7745210 0.2195940 0.2268405 0.2268268 0.3514286 0.5606327 0.7264415 0.5818723 0.7161498 0.6600398 0.7565237 0.6170762 0.5903246 0.7081762 0.7813018 0.9388381 0.8826555 0.9007583 1.2612332 1.1357311 0.9581429 
GmDAP2b    0.5175137 0.5593709 0.5459411 0.5282945 0.5578840 0.5074320 0.5050102 0.5997542 0.5121650 0.5312220 0.5257694 0.5416762 0.5439732 0.5347096 0.5395283 0.5420693 0.5221967 0.5281921 0.1894164 0.1542978 0.1339449 0.1224685 0.0487554 0.0000000 0.3520054 0.7905422 0.7772757 0.2475182 0.2657013 0.2585373 0.3820201 0.5802053 0.7682140 0.6015566 0.7636318 0.7041331 0.7978589 0.6542617 0.6275857 0.7261303 0.7871947 0.9911840 0.8903658 0.9217618 1.2977311 1.1816295 1.0203587 
PpDAP2a    0.3700989 0.4161382 0.3797672 0.3873250 0.4097785 0.3902832 0.4095359 0.4255805 0.3712089 0.3964293 0.3880965 0.3994805 0.4071165 0.4033852 0.3793990 0.3545304 0.3983862 0.4205771 0.3153559 0.3238273 0.3081876 0.3015146 0.3309024 0.3520054 0.0000000 0.6231766 0.6332828 0.2941513 0.3066953 0.2981261 0.1994813 0.4262426 0.6114388 0.5057680 0.6525351 0.5947292 0.6785668 0.5075107 0.5405845 0.6251702 0.6774410 0.9679983 0.7601963 0.7936654 1.0834360 0.9557663 0.8311792 
PpDAP2b1   0.8649524 0.9124851 0.9087416 0.8762544 0.8710065 0.8879393 0.8872260 0.9373468 0.8356785 0.8598503 0.8635195 0.8625872 0.9112867 0.8998689 0.8319977 0.7784373 0.9062934 0.9319659 0.7821058 0.8029781 0.7859034 0.7842804 0.7780415 0.7905422 0.6231766 0.0000000 0.1401962 0.8127812 0.8367914 0.8147964 0.7000185 0.4874031 1.0930516 0.9576949 1.1158743 1.0267625 1.2310507 1.0500728 0.9955681 1.1695724 1.0267184 1.5063420 1.3373350 1.4049855 1.7647233 1.5371967 1.4297190 
PpDAP2b2   0.9223550 0.9408710 0.9271547 0.9102256 0.8946052 0.9187623 0.9249067 0.9699481 0.8386499 0.8623513 0.8876049 0.8793393 0.9502882 0.9386903 0.8226996 0.8020649 0.9008479 0.9404358 0.7638126 0.7797859 0.7628215 0.7834273 0.7745210 0.7772757 0.6332828 0.1401962 0.0000000 0.8022761 0.8319394 0.8042630 0.7109029 0.4763509 1.1153801 0.9874300 1.1076491 1.0490499 1.2175424 1.0178472 0.9984637 1.1309954 0.9810147 1.4931928 1.3249120 1.3986457 1.6676023 1.4403379 1.4039239 
BdDAP2     0.4679341 0.4987861 0.4764004 0.4634452 0.4885755 0.4756478 0.4733499 0.4999112 0.4490952 0.4285012 0.4358999 0.4334403 0.4966222 0.4876527 0.4610620 0.4246494 0.4884708 0.4833274 0.2040997 0.1891594 0.1620605 0.1873997 0.2195940 0.2475182 0.2941513 0.8127812 0.8022761 0.0000000 0.0511043 0.0366063 0.3485872 0.5644233 0.7057132 0.5873242 0.6474557 0.6480664 0.7785823 0.5488041 0.5682528 0.6751886 0.7870065 0.9171524 0.8309249 0.8505773 1.2103880 1.0569038 0.9813946 
SbDAP2     0.4637532 0.5071960 0.4728863 0.4536937 0.4949582 0.4691773 0.4876332 0.5026212 0.4669620 0.4421196 0.4516198 0.4549399 0.4796233 0.4707357 0.4985229 0.4570685 0.5109733 0.5142403 0.2214314 0.1858414 0.1726758 0.2049857 0.2268405 0.2657013 0.3066953 0.8367914 0.8319394 0.0511043 0.0000000 0.0631271 0.3459196 0.5803114 0.7005824 0.6100672 0.6844113 0.6562198 0.8114793 0.5665652 0.5845866 0.7022213 0.8162993 0.8929967 0.8270394 0.8507059 1.2393989 1.0543092 0.9961464 
OsjDAP2    0.4614149 0.4970343 0.4717645 0.4673133 0.4896543 0.4732403 0.4709302 0.4838519 0.4545148 0.4260005 0.4440630 0.4419235 0.4687920 0.4600083 0.4724963 0.4401416 0.4841770 0.4997557 0.2053003 0.1791946 0.1662564 0.2005224 0.2268268 0.2585373 0.2981261 0.8147964 0.8042630 0.0366063 0.0631271 0.0000000 0.3623888 0.5672515 0.6902205 0.5924693 0.6686258 0.6592597 0.8226810 0.5578801 0.5669403 0.6828894 0.7793259 0.9104358 0.8061283 0.8612756 1.2308222 1.0417520 0.9933089 
SmDAP2a    0.3754822 0.4265031 0.4055658 0.3899503 0.4122048 0.4022536 0.4264918 0.4430947 0.3912475 0.4072463 0.3883929 0.4005212 0.3843306 0.3879608 0.4244915 0.4062269 0.4053895 0.4396605 0.3092586 0.3308252 0.3232382 0.3217713 0.3514286 0.3820201 0.1994813 0.7000185 0.7109029 0.3485872 0.3459196 0.3623888 0.0000000 0.4632297 0.6846110 0.5470450 0.6585779 0.6075589 0.6864062 0.5522150 0.5881859 0.6560865 0.6843018 0.8826362 0.8217929 0.8511273 1.0843463 0.9761334 0.8521266 
SmDAP2b    0.7038296 0.6907195 0.6610739 0.6706725 0.7236635 0.7037399 0.7150275 0.7270844 0.6207320 0.6346573 0.6349264 0.6367806 0.6645782 0.6582378 0.6298964 0.6308654 0.7074669 0.7225863 0.5454622 0.5596536 0.5325601 0.5752374 0.5606327 0.5802053 0.4262426 0.4874031 0.4763509 0.5644233 0.5803114 0.5672515 0.4632297 0.0000000 0.9472602 0.7471930 0.9186424 0.8380588 0.9874334 0.8218024 0.8090644 0.9479346 0.8172487 1.1782037 1.0952535 1.1550989 1.5866350 1.2925011 1.2811356 
MpRccDAP1  0.6195293 0.7075792 0.6533660 0.6732406 0.6752998 0.6654606 0.6684943 0.6720145 0.6310506 0.6209310 0.5986963 0.5955265 0.7282632 0.7234735 0.6362259 0.6448251 0.6134456 0.6629997 0.6808052 0.6822682 0.6998377 0.6626396 0.7264415 0.7682140 0.6114388 1.0930516 1.1153801 0.7057132 0.7005824 0.6902205 0.6846110 0.9472602 0.0000000 0.2067760 0.4163763 0.4367270 0.8815036 0.7419634 0.6858166 0.8871436 0.8364682 0.8940249 0.9893129 1.0739396 1.1647077 1.2367141 1.1230727 
MpCCMPDAP1 0.5183717 0.5552474 0.5421810 0.5578569 0.5614866 0.5641655 0.5609294 0.5785214 0.4879663 0.5015309 0.4563037 0.4973424 0.5531609 0.5494608 0.5170781 0.4990522 0.5679377 0.5641202 0.5530000 0.5768095 0.5747939 0.5547788 0.5818723 0.6015566 0.5057680 0.9576949 0.9874300 0.5873242 0.6100672 0.5924693 0.5470450 0.7471930 0.2067760 0.0000000 0.3879550 0.3992902 0.7215114 0.6158073 0.6400914 0.7999843 0.6682956 0.8175387 0.9168054 0.9566748 1.1315781 1.0738024 1.0604729 
OlDAP1     0.6602351 0.6652928 0.6710421 0.6483425 0.6592368 0.6704876 0.6563991 0.6963700 0.6125006 0.6071815 0.5824472 0.5993167 0.7324241 0.7217183 0.5676636 0.5468586 0.5859686 0.6017098 0.6925131 0.7122694 0.7179194 0.6763287 0.7161498 0.7636318 0.6525351 1.1158743 1.1076491 0.6474557 0.6844113 0.6686258 0.6585779 0.9186424 0.4163763 0.3879550 0.0000000 0.1471870 0.9384935 0.7042886 0.7132983 0.8514997 0.9679925 0.9875109 1.1140112 1.1462412 1.1897717 1.2684731 1.2499570 
OtDAP1     0.6053213 0.6264126 0.6068839 0.6003486 0.6110832 0.6339110 0.6152273 0.6373974 0.5652066 0.5383958 0.5443033 0.5500093 0.6631040 0.6530364 0.5170853 0.4962185 0.6040494 0.5977463 0.6424738 0.6493748 0.6628713 0.6484556 0.6600398 0.7041331 0.5947292 1.0267625 1.0490499 0.6480664 0.6562198 0.6592597 0.6075589 0.8380588 0.4367270 0.3992902 0.1471870 0.0000000 0.8526511 0.6528777 0.6534341 0.8247362 0.8218229 0.9439840 1.0491758 1.0904210 1.1412496 1.1666803 1.1312453 
PiDAP      0.7388150 0.7672115 0.7630148 0.7488450 0.7487926 0.6914019 0.7011939 0.7783172 0.7501962 0.6362653 0.6587923 0.6309304 0.7168073 0.7248237 0.7453045 0.7324687 0.7379817 0.7582579 0.7089231 0.7743804 0.7367194 0.7478650 0.7565237 0.7978589 0.6785668 1.2310507 1.2175424 0.7785823 0.8114793 0.8226810 0.6864062 0.9874334 0.8815036 0.7215114 0.9384935 0.8526511 0.0000000 0.8008196 0.7897109 0.9308516 0.8316193 0.9302004 0.8508687 0.8792624 0.9977176 0.9498316 0.8144829 
CrDAP      0.5363620 0.5645711 0.5831464 0.5634007 0.5472793 0.5719188 0.5501202 0.5729446 0.5668350 0.5173647 0.5318245 0.5252663 0.5813731 0.5719662 0.5502511 0.5159994 0.5992965 0.6220420 0.5540701 0.5983573 0.5967876 0.5813408 0.6170762 0.6542617 0.5075107 1.0500728 1.0178472 0.5488041 0.5665652 0.5578801 0.5522150 0.8218024 0.7419634 0.6158073 0.7042886 0.6528777 0.8008196 0.0000000 0.3779333 0.5010183 0.7794983 1.0271225 0.8477924 0.8998267 1.2067932 1.0866787 0.9441777 
CsDAP      0.5266608 0.5425522 0.5193206 0.5088525 0.5118493 0.5251906 0.5161782 0.4941478 0.4920070 0.4777993 0.4786404 0.4759928 0.4948596 0.4856484 0.5636426 0.5338639 0.5532981 0.5857430 0.5442895 0.5496994 0.5618588 0.5626605 0.5903246 0.6275857 0.5405845 0.9955681 0.9984637 0.5682528 0.5845866 0.5669403 0.5881859 0.8090644 0.6858166 0.6400914 0.7132983 0.6534341 0.7897109 0.3779333 0.0000000 0.4489435 0.7158126 0.9571973 0.8400796 0.9315996 1.2148345 1.0987646 0.9441792 
CvDAP      0.6612822 0.6357477 0.5878603 0.6150506 0.6370525 0.6372859 0.6467976 0.6454252 0.6205775 0.6031045 0.5801906 0.6060430 0.6539052 0.6477497 0.6628380 0.6570945 0.6657586 0.6887469 0.7141844 0.6942448 0.6695006 0.6802716 0.7081762 0.7261303 0.6251702 1.1695724 1.1309954 0.6751886 0.7022213 0.6828894 0.6560865 0.9479346 0.8871436 0.7999843 0.8514997 0.8247362 0.9308516 0.5010183 0.4489435 0.0000000 0.9137532 1.0390490 1.0144801 1.0870863 1.4113035 1.2986791 1.0748951 
CpDAP      0.6597004 0.6561400 0.6587519 0.6468880 0.6293331 0.6473067 0.6530669 0.6335075 0.6110068 0.6660678 0.6377812 0.6178684 0.7191334 0.7256517 0.7444089 0.6763023 0.7534065 0.8217209 0.7322027 0.7422790 0.7734166 0.7720401 0.7813018 0.7871947 0.6774410 1.0267184 0.9810147 0.7870065 0.8162993 0.7793259 0.6843018 0.8172487 0.8364682 0.6682956 0.9679925 0.8218229 0.8316193 0.7794983 0.7158126 0.9137532 0.0000000 0.7681268 0.7854227 0.8090048 1.0277888 1.0489584 0.8391394 
PcDAP      0.8904553 0.9120126 0.9208933 0.9029791 0.8692287 0.9124404 0.9077328 0.8323647 0.8698315 0.8564608 0.8204635 0.8089505 0.8123359 0.8171112 0.8363639 0.8784880 0.9078085 0.9135607 0.9133845 0.9743633 0.9302211 0.9095289 0.9388381 0.9911840 0.9679983 1.5063420 1.4931928 0.9171524 0.8929967 0.9104358 0.8826362 1.1782037 0.8940249 0.8175387 0.9875109 0.9439840 0.9302004 1.0271225 0.9571973 1.0390490 0.7681268 0.0000000 0.9917127 1.0465256 1.2073268 1.1748381 1.1318357 
HsDNPEP    0.7587684 0.8054934 0.8081700 0.7636642 0.7852812 0.8097995 0.8082159 0.8230034 0.7554891 0.7528464 0.7681026 0.7567163 0.8033337 0.7960863 0.8571669 0.8795257 0.9555023 0.9995194 0.7768579 0.8344511 0.8459075 0.8427273 0.8826555 0.8903658 0.7601963 1.3373350 1.3249120 0.8309249 0.8270394 0.8061283 0.8217929 1.0952535 0.9893129 0.9168054 1.1140112 1.0491758 0.8508687 0.8477924 0.8400796 1.0144801 0.7854227 0.9917127 0.0000000 0.0796343 1.0559180 0.9476780 0.8278722 
MmDNPEP    0.7784753 0.8157586 0.8383753 0.7906900 0.8035328 0.8070513 0.8063925 0.8733726 0.8000943 0.7924359 0.8046449 0.8058741 0.8472640 0.8397807 0.8715903 0.9148170 1.0220342 1.0524892 0.8253555 0.8855483 0.8415190 0.8782523 0.9007583 0.9217618 0.7936654 1.4049855 1.3986457 0.8505773 0.8507059 0.8612756 0.8511273 1.1550989 1.0739396 0.9566748 1.1462412 1.0904210 0.8792624 0.8998267 0.9315996 1.0870863 0.8090048 1.0465256 0.0796343 0.0000000 1.0598082 0.9615080 0.8221610 
ScDAP      1.0910769 1.1122671 1.1089415 1.0600579 1.1100523 1.0876756 1.0841693 1.0972174 1.1090954 1.0793041 1.0965407 1.0609487 1.1349918 1.1395621 1.0957368 1.1403987 1.2159533 1.2923650 1.1917254 1.2483367 1.2306303 1.1996729 1.2612332 1.2977311 1.0834360 1.7647233 1.6676023 1.2103880 1.2393989 1.2308222 1.0843463 1.5866350 1.1647077 1.1315781 1.1897717 1.1412496 0.9977176 1.2067932 1.2148345 1.4113035 1.0277888 1.2073268 1.0559180 1.0598082 0.0000000 0.8313943 0.6758687 
SpDAP      1.0297449 1.0319196 1.0217127 1.0291563 1.0092714 1.0079175 1.0088102 0.9626940 0.9910853 0.9809954 1.0159594 1.0026369 1.0008072 1.0056036 1.0315212 1.0505688 1.1362873 1.1651223 1.0423710 1.0648557 1.0767312 1.0649976 1.1357311 1.1816295 0.9557663 1.5371967 1.4403379 1.0569038 1.0543092 1.0417520 0.9761334 1.2925011 1.2367141 1.0738024 1.2684731 1.1666803 0.9498316 1.0866787 1.0987646 1.2986791 1.0489584 1.1748381 0.9476780 0.9615080 0.8313943 0.0000000 0.7091010 
AorDAP     0.8913918 0.9267696 0.9042660 0.8759093 0.8669341 0.8476533 0.8535115 0.8700333 0.8396771 0.8502064 0.8821301 0.8710052 0.8573245 0.8625400 0.9184730 0.9212252 0.9788200 1.0319746 0.9216583 0.9385275 0.9303997 0.9270497 0.9581429 1.0203587 0.8311792 1.4297190 1.4039239 0.9813946 0.9961464 0.9933089 0.8521266 1.2811356 1.1230727 1.0604729 1.2499570 1.1312453 0.8144829 0.9441777 0.9441792 1.0748951 0.8391394 1.1318357 0.8278722 0.8221610 0.6758687 0.7091010 0.0000000 
