47
AtDAP1     0.0000000 0.1702774 0.1352207 0.1443518 0.1515384 0.1761473 0.1803771 0.2120877 0.2247771 0.1662950 0.1640645 0.1695218 0.2402760 0.2417370 0.3796879 0.3517619 0.4172934 0.4360381 0.3742726 0.3997764 0.3906196 0.3949391 0.4042932 0.4301495 0.2939631 0.6700546 0.7043566 0.3897935 0.3881984 0.3826520 0.2940929 0.5560987 0.4947212 0.4374748 0.5363980 0.4919131 0.5806394 0.4422052 0.4329472 0.5291176 0.5477510 0.7180372 0.6112199 0.6346567 0.8904627 0.8068130 0.6999932 
VvDAP1     0.1702774 0.0000000 0.1528427 0.1663092 0.1475505 0.1837583 0.1721765 0.2396173 0.2504110 0.1799612 0.1651223 0.1815724 0.2300845 0.2252541 0.4193938 0.4161864 0.4359249 0.4524003 0.4267816 0.4330041 0.4356979 0.4434213 0.4545868 0.4739039 0.3341441 0.7103790 0.7263228 0.4175872 0.4254714 0.4168623 0.3372684 0.5524062 0.5582787 0.4665679 0.5401885 0.5071887 0.6112333 0.4659566 0.4427573 0.5113202 0.5352555 0.7344911 0.6453703 0.6632271 0.9075732 0.8114056 0.7244513 
PtDAP1a    0.1352207 0.1528427 0.0000000 0.0571013 0.1487709 0.1613906 0.1549718 0.1971299 0.2231620 0.1809715 0.1750306 0.1822988 0.2244884 0.2195548 0.3998636 0.3693912 0.3976486 0.4190938 0.3867948 0.4131790 0.4026203 0.4068143 0.4251973 0.4538991 0.3018537 0.7092053 0.7162971 0.4048355 0.4037792 0.3988977 0.3212780 0.5312514 0.5243430 0.4648626 0.5388211 0.4909984 0.6128258 0.4805548 0.4239648 0.4676882 0.5542660 0.7331944 0.6504199 0.6818519 0.9105274 0.7964784 0.7108330 
PtDAP1b    0.1443518 0.1663092 0.0571013 0.0000000 0.1536908 0.1603403 0.1518412 0.1974497 0.2284857 0.1863324 0.1754971 0.1806512 0.2218805 0.2169656 0.3929790 0.3571356 0.3934517 0.4190499 0.3883337 0.4081843 0.4066119 0.4088196 0.4174603 0.4393043 0.3089369 0.6822910 0.6997308 0.3966969 0.3892410 0.3970905 0.3141608 0.5394122 0.5455976 0.4794613 0.5262280 0.4883978 0.6099918 0.4647271 0.4133088 0.4894734 0.5524274 0.7173503 0.6154999 0.6442505 0.8748894 0.8067271 0.6994393 
MtDAP1     0.1515384 0.1475505 0.1487709 0.1536908 0.0000000 0.1201987 0.1243283 0.2244712 0.2157944 0.1824190 0.1672708 0.1742524 0.2386974 0.2336629 0.3923342 0.3733406 0.3917801 0.4271560 0.4182868 0.4437836 0.4230358 0.4194169 0.4567269 0.4703394 0.3277248 0.6870772 0.6987160 0.4147970 0.4215792 0.4155816 0.3306027 0.5775436 0.5439891 0.4781027 0.5315931 0.4952404 0.5941160 0.4490932 0.4171872 0.5141177 0.5317142 0.6911521 0.6165461 0.6393597 0.9214600 0.8042713 0.6743373 
GmDAP1a    0.1761473 0.1837583 0.1613906 0.1603403 0.1201987 0.0000000 0.0242727 0.2165571 0.2438711 0.1753023 0.1666806 0.1598056 0.2184931 0.2161216 0.3777215 0.3716001 0.3855642 0.4070151 0.3875395 0.3896302 0.3966738 0.3956797 0.4125954 0.4325945 0.3177655 0.6948995 0.7113557 0.4107438 0.4033001 0.4086121 0.3233524 0.5669543 0.5314529 0.4781391 0.5422192 0.5044141 0.5677982 0.4540090 0.4138479 0.5091324 0.5335657 0.7235718 0.6416247 0.6476237 0.8929017 0.7943105 0.6732483 
GmDAP1b    0.1803771 0.1721765 0.1549718 0.1518412 0.1243283 0.0242727 0.0000000 0.2192123 0.2582054 0.1776351 0.1635991 0.1619895 0.2257336 0.2208122 0.3814245 0.3771302 0.3960689 0.4174937 0.3901238 0.3954317 0.3990251 0.3909893 0.4140231 0.4341750 0.3323054 0.6966789 0.7178619 0.4123714 0.4210026 0.4102216 0.3414306 0.5761331 0.5320670 0.4740168 0.5289368 0.4887731 0.5770922 0.4433633 0.4131428 0.5163865 0.5418065 0.7182139 0.6426798 0.6492001 0.8908279 0.7996606 0.6803494 
PsDAP1     0.2120877 0.2396173 0.1971299 0.1974497 0.2244712 0.2165571 0.2192123 0.0000000 0.2602794 0.2251687 0.2112244 0.2194417 0.2409537 0.2423902 0.4043843 0.3965128 0.4187699 0.4260527 0.4107553 0.4215873 0.4403207 0.4324405 0.4575921 0.5021675 0.3403687 0.7290861 0.7455028 0.4178258 0.4201405 0.4056922 0.3578769 0.5683330 0.5298836 0.4810535 0.5533495 0.5071999 0.6178027 0.4636438 0.4024164 0.5088768 0.5219884 0.6643398 0.6391165 0.6792103 0.9105981 0.7519983 0.6684735 
PpDAP1     0.2247771 0.2504110 0.2231620 0.2284857 0.2157944 0.2438711 0.2582054 0.2602794 0.0000000 0.2619148 0.2465619 0.2506458 0.2327404 0.2277384 0.3819313 0.3587639 0.4178745 0.4226971 0.3889839 0.4130521 0.4063217 0.3780776 0.4122108 0.4298821 0.3200187 0.6859207 0.6827065 0.3864322 0.4028445 0.3872570 0.3434980 0.5247258 0.5050589 0.4204643 0.4904919 0.4607971 0.6107593 0.4562422 0.4000328 0.5092980 0.5460777 0.6944832 0.6103510 0.6455794 0.9066114 0.7862125 0.6745082 
BdDAP1     0.1662950 0.1799612 0.1809715 0.1863324 0.1824190 0.1753023 0.1776351 0.2251687 0.2619148 0.0000000 0.0524458 0.0436703 0.2133370 0.2085330 0.3706619 0.3601678 0.4298680 0.4213794 0.3794521 0.4029894 0.3929569 0.3968106 0.4283911 0.4508383 0.3176053 0.6655442 0.6620936 0.3621874 0.3697868 0.3611707 0.3208717 0.5092027 0.5109360 0.4257947 0.5048075 0.4452766 0.5285434 0.4339195 0.4029103 0.4952849 0.5639406 0.6903994 0.6079514 0.6455237 0.8747102 0.7747074 0.6808317 
SbDAP1     0.1640645 0.1651223 0.1750306 0.1754971 0.1672708 0.1666806 0.1635991 0.2112244 0.2465619 0.0524458 0.0000000 0.0398737 0.2142437 0.2095450 0.3536613 0.3490930 0.4230394 0.4186656 0.3811971 0.4043808 0.3929746 0.3912407 0.4275446 0.4464962 0.3114725 0.6703920 0.6802857 0.3753873 0.3842411 0.3821721 0.3100112 0.5112249 0.4966458 0.3942666 0.4849908 0.4482996 0.5471795 0.4383125 0.3985365 0.4772276 0.5452132 0.6612353 0.6122904 0.6476650 0.8935129 0.7979991 0.7040344 
OsjDAP1.1  0.1695218 0.1815724 0.1822988 0.1806512 0.1742524 0.1598056 0.1619895 0.2194417 0.2506458 0.0436703 0.0398737 0.0000000 0.2159818 0.2112848 0.3595538 0.3484522 0.4046704 0.4141672 0.3773135 0.4042216 0.3972201 0.3939339 0.4272037 0.4459116 0.3145613 0.6594072 0.6651788 0.3663041 0.3816420 0.3753368 0.3194036 0.5067947 0.4822073 0.4156007 0.4864871 0.4382848 0.5134782 0.4271553 0.3904319 0.4862845 0.5294498 0.6551276 0.5972821 0.6343154 0.8679782 0.7925085 0.7011107 
SmDAP1b    0.2402760 0.2300845 0.2244884 0.2218805 0.2386974 0.2184931 0.2257336 0.2409537 0.2327404 0.2133370 0.2142437 0.2159818 0.0000000 0.0039592 0.3981822 0.3858975 0.4223413 0.4292332 0.3983425 0.3985880 0.3967481 0.4095666 0.4223914 0.4585602 0.3397398 0.7275393 0.7487715 0.4150977 0.3986083 0.3947944 0.3122754 0.5483953 0.5703940 0.4507612 0.5957858 0.5417308 0.5862448 0.4652646 0.4109774 0.5303628 0.5956843 0.6583772 0.6375490 0.6774567 0.9169744 0.7917728 0.6790023 
SmDAP1a    0.2417370 0.2252541 0.2195548 0.2169656 0.2336629 0.2161216 0.2208122 0.2423902 0.2277384 0.2085330 0.2095450 0.2112848 0.0039592 0.0000000 0.3918701 0.3797094 0.4157695 0.4225733 0.3930480 0.3918101 0.3899928 0.4027386 0.4153746 0.4513220 0.3367262 0.7188690 0.7400711 0.4081520 0.3917058 0.3879570 0.3149619 0.5436037 0.5667638 0.4478961 0.5875603 0.5340369 0.5922565 0.4581569 0.4038316 0.5254723 0.6004068 0.6619139 0.6321673 0.6719081 0.9201364 0.7951175 0.6827404 
MpRccDAP2  0.3796879 0.4193938 0.3998636 0.3929790 0.3923342 0.3777215 0.3814245 0.4043843 0.3819313 0.3706619 0.3536613 0.3595538 0.3981822 0.3918701 0.0000000 0.1696476 0.3134168 0.3179994 0.4305225 0.4250392 0.4066473 0.4077044 0.4240101 0.4611576 0.3057393 0.6519588 0.6404507 0.3978267 0.4241311 0.4062094 0.3324876 0.5081106 0.5018943 0.4298404 0.4643554 0.4195341 0.6022915 0.4402362 0.4497465 0.5299780 0.5894865 0.6627405 0.6691171 0.6916506 0.8916018 0.8027285 0.7178864 
MpCCMPDAP2 0.3517619 0.4161864 0.3693912 0.3571356 0.3733406 0.3716001 0.3771302 0.3965128 0.3587639 0.3601678 0.3490930 0.3484522 0.3858975 0.3797094 0.1696476 0.0000000 0.2751666 0.2609115 0.3985048 0.4049922 0.4061479 0.3853048 0.4317678 0.4555864 0.2930710 0.6319521 0.6452713 0.3690037 0.3917743 0.3762654 0.3338324 0.5246521 0.5149155 0.4290610 0.4555671 0.4107370 0.5822979 0.4187065 0.4330736 0.5360552 0.5600026 0.6992858 0.6871412 0.7226069 0.9239247 0.8138860 0.7172973 
OlDAP2     0.4172934 0.4359249 0.3976486 0.3934517 0.3917801 0.3855642 0.3960689 0.4187699 0.4178745 0.4298680 0.4230394 0.4046704 0.4223413 0.4157695 0.3134168 0.2751666 0.0000000 0.0937455 0.4047305 0.4056265 0.4103019 0.3899863 0.4108330 0.4466037 0.3227051 0.7146433 0.7067443 0.4216541 0.4375242 0.4204993 0.3367806 0.5743932 0.5008069 0.4827849 0.4754294 0.4911638 0.6050875 0.4934378 0.4406777 0.5338137 0.6145307 0.7218362 0.7472882 0.8120427 1.0314914 0.9102466 0.7940533 
OtDAP2     0.4360381 0.4524003 0.4190938 0.4190499 0.4271560 0.4070151 0.4174937 0.4260527 0.4226971 0.4213794 0.4186656 0.4141672 0.4292332 0.4225733 0.3179994 0.2609115 0.0937455 0.0000000 0.4265643 0.4305229 0.4228572 0.4065891 0.4285612 0.4546350 0.3468092 0.7452232 0.7473379 0.4161435 0.4390783 0.4277873 0.3710331 0.5934339 0.5438883 0.4875680 0.4933350 0.4945241 0.6200766 0.5155441 0.4846128 0.5639244 0.6781351 0.7419114 0.7818773 0.8341036 1.0935284 0.9109461 0.8175040 
AtDAP2     0.3742726 0.4267816 0.3867948 0.3883337 0.4182868 0.3875395 0.3901238 0.4107553 0.3889839 0.3794521 0.3811971 0.3773135 0.3983425 0.3930480 0.4305225 0.3985048 0.4047305 0.4265643 0.0000000 0.1221339 0.1069950 0.1260934 0.1414403 0.1645904 0.2800753 0.6408738 0.6215613 0.1678243 0.1890617 0.1728598 0.2766331 0.4595618 0.5557432 0.4733420 0.5827782 0.5364137 0.5884844 0.4644504 0.4713703 0.5839334 0.6544860 0.7577565 0.6293805 0.6752992 0.9703521 0.8318841 0.7688888 
PtDAP2     0.3997764 0.4330041 0.4131790 0.4081843 0.4437836 0.3896302 0.3954317 0.4215873 0.4130521 0.4029894 0.4043808 0.4042216 0.3985880 0.3918101 0.4250392 0.4049922 0.4056265 0.4305229 0.1221339 0.0000000 0.0787871 0.1146599 0.1153187 0.1403665 0.2835760 0.6495673 0.6258754 0.1588631 0.1644657 0.1532389 0.2904830 0.4671814 0.5555079 0.4922015 0.5981644 0.5373306 0.6354431 0.5001385 0.4716451 0.5494261 0.6636214 0.8010844 0.6808113 0.7183401 1.0216524 0.8554359 0.7858882 
VvDAP2     0.3906196 0.4356979 0.4026203 0.4066119 0.4230358 0.3966738 0.3990251 0.4403207 0.4063217 0.3929569 0.3929746 0.3972201 0.3967481 0.3899928 0.4066473 0.4061479 0.4103019 0.4228572 0.1069950 0.0787871 0.0000000 0.0859702 0.0968893 0.1194618 0.2677159 0.6334383 0.6108527 0.1354253 0.1509026 0.1400134 0.2759839 0.4417311 0.5659789 0.4759197 0.6024749 0.5518674 0.6109888 0.4924234 0.4775615 0.5361987 0.6745821 0.7671866 0.6776137 0.6874118 1.0029635 0.8738296 0.7653375 
MtDAP2     0.3949391 0.4434213 0.4068143 0.4088196 0.4194169 0.3956797 0.3909893 0.4324405 0.3780776 0.3968106 0.3912407 0.3939339 0.4095666 0.4027386 0.4077044 0.3853048 0.3899863 0.4065891 0.1260934 0.1146599 0.0859702 0.0000000 0.0774589 0.1027016 0.2569297 0.6216890 0.6161579 0.1612652 0.1754652 0.1709600 0.2758298 0.4717067 0.5436048 0.4672438 0.5663468 0.5340273 0.6154312 0.4735231 0.4715999 0.5443038 0.6740058 0.7496171 0.6690748 0.7116947 0.9789171 0.8672903 0.7697970 
GmDAP2a    0.4042932 0.4545868 0.4251973 0.4174603 0.4567269 0.4125954 0.4140231 0.4575921 0.4122108 0.4283911 0.4275446 0.4272037 0.4223914 0.4153746 0.4240101 0.4317678 0.4108330 0.4285612 0.1414403 0.1153187 0.0968893 0.0774589 0.0000000 0.0402522 0.2818345 0.6206469 0.6129089 0.1863427 0.1891800 0.1879763 0.3030297 0.4677937 0.5899698 0.4963934 0.6013135 0.5465816 0.6298278 0.5143977 0.5002689 0.5722645 0.6960270 0.7758706 0.7210705 0.7411889 1.0171705 0.9023799 0.7981861 
GmDAP2b    0.4301495 0.4739039 0.4538991 0.4393043 0.4703394 0.4325945 0.4341750 0.5021675 0.4298821 0.4508383 0.4464962 0.4459116 0.4585602 0.4513220 0.4611576 0.4555864 0.4466037 0.4546350 0.1645904 0.1403665 0.1194618 0.1027016 0.0402522 0.0000000 0.3022694 0.6327941 0.6175857 0.2083391 0.2189689 0.2123936 0.3319337 0.4802158 0.6259413 0.5152911 0.6385064 0.5827144 0.6649649 0.5424631 0.5330191 0.5881558 0.7009090 0.8141243 0.7282682 0.7577732 1.0568427 0.9424784 0.8529931 
PpDAP2a    0.2939631 0.3341441 0.3018537 0.3089369 0.3277248 0.3177655 0.3323054 0.3403687 0.3200187 0.3176053 0.3114725 0.3145613 0.3397398 0.3367262 0.3057393 0.2930710 0.3227051 0.3468092 0.2800753 0.2835760 0.2677159 0.2569297 0.2818345 0.3022694 0.0000000 0.4788089 0.4820610 0.2615653 0.2699970 0.2635640 0.1618586 0.3378681 0.4958493 0.4345556 0.5219415 0.4768171 0.5383789 0.4213844 0.4398101 0.4891861 0.5671057 0.7726809 0.5978354 0.6374537 0.9081514 0.7500775 0.6623394 
PpDAP2b1   0.6700546 0.7103790 0.7092053 0.6822910 0.6870772 0.6948995 0.6966789 0.7290861 0.6859207 0.6655442 0.6703920 0.6594072 0.7275393 0.7188690 0.6519588 0.6319521 0.7146433 0.7452232 0.6408738 0.6495673 0.6334383 0.6216890 0.6206469 0.6327941 0.4788089 0.0000000 0.1040942 0.6604659 0.6713213 0.6616623 0.5400637 0.3675682 0.8606175 0.7739671 0.8876614 0.8147344 0.9787800 0.8419949 0.7987336 0.8990301 0.8480005 1.2102315 1.0329622 1.1037591 1.4208697 1.2150661 1.1266450 
PpDAP2b2   0.7043566 0.7263228 0.7162971 0.6997308 0.6987160 0.7113557 0.7178619 0.7455028 0.6827065 0.6620936 0.6802857 0.6651788 0.7487715 0.7400711 0.6404507 0.6452713 0.7067443 0.7473379 0.6215613 0.6258754 0.6108527 0.6161579 0.6129089 0.6175857 0.4820610 0.1040942 0.0000000 0.6466393 0.6607928 0.6478194 0.5475742 0.3568996 0.8722656 0.7918397 0.8786772 0.8213142 0.9632276 0.8112044 0.7934208 0.8654563 0.8141862 1.1945070 1.0184919 1.0943916 1.3488206 1.1350810 1.0989461 
BdDAP2     0.3897935 0.4175872 0.4048355 0.3966969 0.4147970 0.4107438 0.4123714 0.4178258 0.3864322 0.3621874 0.3753873 0.3663041 0.4150977 0.4081520 0.3978267 0.3690037 0.4216541 0.4161435 0.1678243 0.1588631 0.1354253 0.1612652 0.1863427 0.2083391 0.2615653 0.6604659 0.6466393 0.0000000 0.0460509 0.0332123 0.2995747 0.4722895 0.5755867 0.4943844 0.5439050 0.5396104 0.6359786 0.4624175 0.4875072 0.5489309 0.6856071 0.7610580 0.6777246 0.6941315 0.9811309 0.8408999 0.7963699 
SbDAP2     0.3881984 0.4254714 0.4037792 0.3892410 0.4215792 0.4033001 0.4210026 0.4201405 0.4028445 0.3697868 0.3842411 0.3816420 0.3986083 0.3917058 0.4241311 0.3917743 0.4375242 0.4390783 0.1890617 0.1644657 0.1509026 0.1754652 0.1891800 0.2189689 0.2699970 0.6713213 0.6607928 0.0460509 0.0000000 0.0525615 0.2963419 0.4817753 0.5713759 0.5198798 0.5749259 0.5500532 0.6673586 0.4771118 0.5019898 0.5647082 0.6914426 0.7468829 0.6788945 0.7021153 1.0011503 0.8325053 0.8149801 
OsjDAP2    0.3826520 0.4168623 0.3988977 0.3970905 0.4155816 0.4086121 0.4102216 0.4056922 0.3872570 0.3611707 0.3821721 0.3753368 0.3947944 0.3879570 0.4062094 0.3762654 0.4204993 0.4277873 0.1728598 0.1532389 0.1400134 0.1709600 0.1879763 0.2123936 0.2635640 0.6616623 0.6478194 0.0332123 0.0525615 0.0000000 0.3108828 0.4738533 0.5636196 0.5047412 0.5627232 0.5519638 0.6772672 0.4692495 0.4856425 0.5493447 0.6772339 0.7531173 0.6623229 0.7108976 0.9845953 0.8216811 0.8075920 
SmDAP2a    0.2940929 0.3372684 0.3212780 0.3141608 0.3306027 0.3233524 0.3414306 0.3578769 0.3434980 0.3208717 0.3100112 0.3194036 0.3122754 0.3149619 0.3324876 0.3338324 0.3367806 0.3710331 0.2766331 0.2904830 0.2759839 0.2758298 0.3030297 0.3319337 0.1618586 0.5400637 0.5475742 0.2995747 0.2963419 0.3108828 0.0000000 0.3789138 0.5605500 0.4658021 0.5406042 0.4940762 0.5515689 0.4656162 0.4934023 0.5288284 0.5770647 0.7174861 0.6615539 0.6969175 0.9011508 0.7670694 0.6743830 
SmDAP2b    0.5560987 0.5524062 0.5312514 0.5394122 0.5775436 0.5669543 0.5761331 0.5683330 0.5247258 0.5092027 0.5112249 0.5067947 0.5483953 0.5436037 0.5081106 0.5246521 0.5743932 0.5934339 0.4595618 0.4671814 0.4417311 0.4717067 0.4677937 0.4802158 0.3378681 0.3675682 0.3568996 0.4722895 0.4817753 0.4738533 0.3789138 0.0000000 0.7580716 0.6214891 0.7468343 0.6812930 0.7929345 0.6771598 0.6693795 0.7480152 0.6769339 0.9558845 0.8629470 0.9280675 1.3150934 1.0458096 1.0207167 
MpRccDAP1  0.4947212 0.5582787 0.5243430 0.5455976 0.5439891 0.5314529 0.5320670 0.5298836 0.5050589 0.5109360 0.4966458 0.4822073 0.5703940 0.5667638 0.5018943 0.5149155 0.5008069 0.5438883 0.5557432 0.5555079 0.5659789 0.5436048 0.5899698 0.6259413 0.4958493 0.8606175 0.8722656 0.5755867 0.5713759 0.5636196 0.5605500 0.7580716 0.0000000 0.1771531 0.3471619 0.3549584 0.6889136 0.5870790 0.5469798 0.6864834 0.6751518 0.7197573 0.7868038 0.8498820 0.9311577 0.9731597 0.8766360 
MpCCMPDAP1 0.4374748 0.4665679 0.4648626 0.4794613 0.4781027 0.4781391 0.4740168 0.4810535 0.4204643 0.4257947 0.3942666 0.4156007 0.4507612 0.4478961 0.4298404 0.4290610 0.4827849 0.4875680 0.4733420 0.4922015 0.4759197 0.4672438 0.4963934 0.5152911 0.4345556 0.7739671 0.7918397 0.4943844 0.5198798 0.5047412 0.4658021 0.6214891 0.1771531 0.0000000 0.3399457 0.3431357 0.6068569 0.5039128 0.5365870 0.6601213 0.5869337 0.6648634 0.7433963 0.7687906 0.9342498 0.8945526 0.8698231 
OlDAP1     0.5363980 0.5401885 0.5388211 0.5262280 0.5315931 0.5422192 0.5289368 0.5533495 0.4904919 0.5048075 0.4849908 0.4864871 0.5957858 0.5875603 0.4643554 0.4555671 0.4754294 0.4933350 0.5827782 0.5981644 0.6024749 0.5663468 0.6013135 0.6385064 0.5219415 0.8876614 0.8786772 0.5439050 0.5749259 0.5627232 0.5406042 0.7468343 0.3471619 0.3399457 0.0000000 0.1204012 0.7477417 0.5802874 0.5719234 0.6705447 0.8247560 0.7851615 0.8876649 0.9124492 0.9817473 1.0000300 0.9724455 
OtDAP1     0.4919131 0.5071887 0.4909984 0.4883978 0.4952404 0.5044141 0.4887731 0.5071999 0.4607971 0.4452766 0.4482996 0.4382848 0.5417308 0.5340369 0.4195341 0.4107370 0.4911638 0.4945241 0.5364137 0.5373306 0.5518674 0.5340273 0.5465816 0.5827144 0.4768171 0.8147344 0.8213142 0.5396104 0.5500532 0.5519638 0.4940762 0.6812930 0.3549584 0.3431357 0.1204012 0.0000000 0.6871227 0.5240423 0.5242081 0.6464658 0.7087740 0.7472299 0.8294856 0.8519259 0.9255400 0.9228048 0.8895587 
PiDAP      0.5806394 0.6112333 0.6128258 0.6099918 0.5941160 0.5677982 0.5770922 0.6178027 0.6107593 0.5285434 0.5471795 0.5134782 0.5862448 0.5922565 0.6022915 0.5822979 0.6050875 0.6200766 0.5884844 0.6354431 0.6109888 0.6154312 0.6298278 0.6649649 0.5383789 0.9787800 0.9632276 0.6359786 0.6673586 0.6772672 0.5515689 0.7929345 0.6889136 0.6068569 0.7477417 0.6871227 0.0000000 0.6605985 0.6474334 0.7712968 0.6786343 0.7384630 0.6893135 0.7033440 0.8364753 0.7724390 0.6524173 
CrDAP      0.4422052 0.4659566 0.4805548 0.4647271 0.4490932 0.4540090 0.4433633 0.4636438 0.4562422 0.4339195 0.4383125 0.4271553 0.4652646 0.4581569 0.4402362 0.4187065 0.4934378 0.5155441 0.4644504 0.5001385 0.4924234 0.4735231 0.5143977 0.5424631 0.4213844 0.8419949 0.8112044 0.4624175 0.4771118 0.4692495 0.4656162 0.6771598 0.5870790 0.5039128 0.5802874 0.5240423 0.6605985 0.0000000 0.3033251 0.4083186 0.6685840 0.8342966 0.6663889 0.7110226 0.9831624 0.8736365 0.7687773 
CsDAP      0.4329472 0.4427573 0.4239648 0.4133088 0.4171872 0.4138479 0.4131428 0.4024164 0.4000328 0.4029103 0.3985365 0.3904319 0.4109774 0.4038316 0.4497465 0.4330736 0.4406777 0.4846128 0.4713703 0.4716451 0.4775615 0.4715999 0.5002689 0.5330191 0.4398101 0.7987336 0.7934208 0.4875072 0.5019898 0.4856425 0.4934023 0.6693795 0.5469798 0.5365870 0.5719234 0.5242081 0.6474334 0.3033251 0.0000000 0.3604319 0.6129122 0.7548328 0.6563856 0.7358894 0.9893105 0.8762892 0.7546808 
CvDAP      0.5291176 0.5113202 0.4676882 0.4894734 0.5141177 0.5091324 0.5163865 0.5088768 0.5092980 0.4952849 0.4772276 0.4862845 0.5303628 0.5254723 0.5299780 0.5360552 0.5338137 0.5639244 0.5839334 0.5494261 0.5361987 0.5443038 0.5722645 0.5881558 0.4891861 0.8990301 0.8654563 0.5489309 0.5647082 0.5493447 0.5288284 0.7480152 0.6864834 0.6601213 0.6705447 0.6464658 0.7712968 0.4083186 0.3604319 0.0000000 0.7813752 0.8435562 0.8158818 0.8842892 1.1558222 1.0310850 0.8529292 
CpDAP      0.5477510 0.5352555 0.5542660 0.5524274 0.5317142 0.5335657 0.5418065 0.5219884 0.5460777 0.5639406 0.5452132 0.5294498 0.5956843 0.6004068 0.5894865 0.5600026 0.6145307 0.6781351 0.6544860 0.6636214 0.6745821 0.6740058 0.6960270 0.7009090 0.5671057 0.8480005 0.8141862 0.6856071 0.6914426 0.6772339 0.5770647 0.6769339 0.6751518 0.5869337 0.8247560 0.7087740 0.6786343 0.6685840 0.6129122 0.7813752 0.0000000 0.6279059 0.6490107 0.6706161 0.8951550 0.8671459 0.6910116 
PcDAP      0.7180372 0.7344911 0.7331944 0.7173503 0.6911521 0.7235718 0.7182139 0.6643398 0.6944832 0.6903994 0.6612353 0.6551276 0.6583772 0.6619139 0.6627405 0.6992858 0.7218362 0.7419114 0.7577565 0.8010844 0.7671866 0.7496171 0.7758706 0.8141243 0.7726809 1.2102315 1.1945070 0.7610580 0.7468829 0.7531173 0.7174861 0.9558845 0.7197573 0.6648634 0.7851615 0.7472299 0.7384630 0.8342966 0.7548328 0.8435562 0.6279059 0.0000000 0.7993742 0.8404934 0.9740113 0.9345063 0.8977141 
HsDNPEP    0.6112199 0.6453703 0.6504199 0.6154999 0.6165461 0.6416247 0.6426798 0.6391165 0.6103510 0.6079514 0.6122904 0.5972821 0.6375490 0.6321673 0.6691171 0.6871412 0.7472882 0.7818773 0.6293805 0.6808113 0.6776137 0.6690748 0.7210705 0.7282682 0.5978354 1.0329622 1.0184919 0.6777246 0.6788945 0.6623229 0.6615539 0.8629470 0.7868038 0.7433963 0.8876649 0.8294856 0.6893135 0.6663889 0.6563856 0.8158818 0.6490107 0.7993742 0.0000000 0.0700151 0.8708297 0.7580001 0.6587425 
MmDNPEP    0.6346567 0.6632271 0.6818519 0.6442505 0.6393597 0.6476237 0.6492001 0.6792103 0.6455794 0.6455237 0.6476650 0.6343154 0.6774567 0.6719081 0.6916506 0.7226069 0.8120427 0.8341036 0.6752992 0.7183401 0.6874118 0.7116947 0.7411889 0.7577732 0.6374537 1.1037591 1.0943916 0.6941315 0.7021153 0.7108976 0.6969175 0.9280675 0.8498820 0.7687906 0.9124492 0.8519259 0.7033440 0.7110226 0.7358894 0.8842892 0.6706161 0.8404934 0.0700151 0.0000000 0.8688053 0.7740439 0.6555050 
ScDAP      0.8904627 0.9075732 0.9105274 0.8748894 0.9214600 0.8929017 0.8908279 0.9105981 0.9066114 0.8747102 0.8935129 0.8679782 0.9169744 0.9201364 0.8916018 0.9239247 1.0314914 1.0935284 0.9703521 1.0216524 1.0029635 0.9789171 1.0171705 1.0568427 0.9081514 1.4208697 1.3488206 0.9811309 1.0011503 0.9845953 0.9011508 1.3150934 0.9311577 0.9342498 0.9817473 0.9255400 0.8364753 0.9831624 0.9893105 1.1558222 0.8951550 0.9740113 0.8708297 0.8688053 0.0000000 0.6737770 0.5601350 
SpDAP      0.8068130 0.8114056 0.7964784 0.8067271 0.8042713 0.7943105 0.7996606 0.7519983 0.7862125 0.7747074 0.7979991 0.7925085 0.7917728 0.7951175 0.8027285 0.8138860 0.9102466 0.9109461 0.8318841 0.8554359 0.8738296 0.8672903 0.9023799 0.9424784 0.7500775 1.2150661 1.1350810 0.8408999 0.8325053 0.8216811 0.7670694 1.0458096 0.9731597 0.8945526 1.0000300 0.9228048 0.7724390 0.8736365 0.8762892 1.0310850 0.8671459 0.9345063 0.7580001 0.7740439 0.6737770 0.0000000 0.5499303 
AoDAP      0.6999932 0.7244513 0.7108330 0.6994393 0.6743373 0.6732483 0.6803494 0.6684735 0.6745082 0.6808317 0.7040344 0.7011107 0.6790023 0.6827404 0.7178864 0.7172973 0.7940533 0.8175040 0.7688888 0.7858882 0.7653375 0.7697970 0.7981861 0.8529931 0.6623394 1.1266450 1.0989461 0.7963699 0.8149801 0.8075920 0.6743830 1.0207167 0.8766360 0.8698231 0.9724455 0.8895587 0.6524173 0.7687773 0.7546808 0.8529292 0.6910116 0.8977141 0.6587425 0.6555050 0.5601350 0.5499303 0.0000000 
