47
AtDAP1     0.0000000 0.2059125 0.1637907 0.1746873 0.1834459 0.2128350 0.2176094 0.2552857 0.2700725 0.2008572 0.1981152 0.2049529 0.2880715 0.2898679 0.4548419 0.4228929 0.4968956 0.5181106 0.4470935 0.4782739 0.4673619 0.4720367 0.4810604 0.5121116 0.3528884 0.7945259 0.8403695 0.4653902 0.4620596 0.4566323 0.3530747 0.6611258 0.5861226 0.5191922 0.6313707 0.5790689 0.6832501 0.5271888 0.5138570 0.6298409 0.6538817 0.8410249 0.7163996 0.7441480 1.0253606 0.9374968 0.8156043 
VvDAP1     0.2059125 0.0000000 0.1846671 0.2008505 0.1785280 0.2219412 0.2078675 0.2891149 0.3012173 0.2172610 0.1992925 0.2195560 0.2768668 0.2711923 0.5022924 0.4998378 0.5195354 0.5384042 0.5082180 0.5150045 0.5187193 0.5280260 0.5390602 0.5620610 0.4003093 0.8435464 0.8632246 0.4962204 0.5046165 0.4953812 0.4050092 0.6537158 0.6604488 0.5546179 0.6361370 0.5995065 0.7189901 0.5552435 0.5241837 0.6053561 0.6360286 0.8597908 0.7594642 0.7798719 1.0446612 0.9427277 0.8469715 
PtDAP1a    0.1637907 0.1846671 0.0000000 0.0694280 0.1800352 0.1952987 0.1872593 0.2372117 0.2681758 0.2187249 0.2115332 0.2204878 0.2692148 0.2634450 0.4796400 0.4436797 0.4749595 0.4999828 0.4617443 0.4955937 0.4811336 0.4864318 0.5065732 0.5408816 0.3625582 0.8420786 0.8548141 0.4827969 0.4802108 0.4757601 0.3847597 0.6321621 0.6217728 0.5527695 0.6343390 0.5778236 0.7230817 0.5716142 0.5035502 0.5556955 0.6618945 0.8597140 0.7623085 0.7996508 1.0460109 0.9248433 0.8282797 
PtDAP1b    0.1746873 0.2008505 0.0694280 0.0000000 0.1860886 0.1939274 0.1835627 0.2377658 0.2747917 0.2251582 0.2122642 0.2185613 0.2658288 0.2600850 0.4694428 0.4284679 0.4684666 0.4982762 0.4634957 0.4884864 0.4853478 0.4884194 0.4978252 0.5236968 0.3704076 0.8092753 0.8355085 0.4723213 0.4630726 0.4730962 0.3758865 0.6412344 0.6477168 0.5704481 0.6195771 0.5756581 0.7193789 0.5528002 0.4909582 0.5816027 0.6587565 0.8429813 0.7224631 0.7568110 1.0093916 0.9368445 0.8176086 
MtDAP1     0.1834459 0.1785280 0.1800352 0.1860886 0.0000000 0.1456940 0.1508051 0.2703487 0.2599495 0.2202778 0.2021963 0.2109240 0.2861659 0.2802823 0.4699434 0.4498784 0.4676450 0.5098117 0.5005062 0.5297810 0.5069043 0.5024372 0.5446778 0.5612513 0.3929104 0.8139773 0.8305204 0.4946820 0.5020286 0.4954975 0.3966624 0.6859918 0.6446343 0.5683650 0.6247741 0.5848950 0.7022046 0.5344691 0.4971890 0.6118697 0.6365661 0.8113906 0.7269448 0.7541975 1.0616130 0.9343194 0.7896543 
GmDAP1a    0.2128350 0.2219412 0.1952987 0.1939274 0.1456940 0.0000000 0.0295943 0.2607034 0.2924424 0.2120372 0.2017284 0.1935104 0.2624431 0.2597641 0.4523212 0.4477145 0.4601496 0.4846694 0.4628955 0.4643880 0.4748138 0.4733065 0.4906889 0.5153882 0.3815661 0.8244991 0.8478917 0.4899942 0.4809606 0.4876411 0.3864547 0.6745347 0.6291306 0.5672001 0.6380647 0.5957290 0.6686399 0.5393779 0.4932244 0.6047334 0.6374723 0.8506839 0.7547323 0.7615366 1.0279007 0.9232939 0.7892943 
GmDAP1b    0.2176094 0.2078675 0.1872593 0.1835627 0.1508051 0.0295943 0.0000000 0.2635016 0.3094043 0.2147011 0.1978751 0.1960140 0.2709363 0.2651736 0.4562938 0.4534428 0.4724131 0.4959774 0.4653545 0.4709516 0.4768465 0.4668294 0.4913061 0.5161371 0.3987367 0.8240960 0.8535323 0.4906790 0.5008628 0.4883127 0.4081033 0.6848971 0.6302400 0.5626496 0.6234365 0.5779716 0.6802056 0.5269118 0.4914902 0.6134268 0.6463201 0.8443659 0.7542529 0.7614919 1.0280424 0.9283750 0.7968716 
PsDAP1     0.2552857 0.2891149 0.2372117 0.2377658 0.2703487 0.2607034 0.2635016 0.0000000 0.3127365 0.2715430 0.2549120 0.2646609 0.2894286 0.2912000 0.4826584 0.4744131 0.5002816 0.5085343 0.4907618 0.5045194 0.5271348 0.5166537 0.5457371 0.5981430 0.4078153 0.8615744 0.8863423 0.4983744 0.5002882 0.4833199 0.4278144 0.6769223 0.6275128 0.5709585 0.6502284 0.5978786 0.7278958 0.5483579 0.4793940 0.6032721 0.6240801 0.7815367 0.7523595 0.7972828 1.0514619 0.8786739 0.7838491 
PpDAP1     0.2700725 0.3012173 0.2681758 0.2747917 0.2599495 0.2924424 0.3094043 0.3127365 0.0000000 0.3145504 0.2958585 0.3016259 0.2791999 0.2733425 0.4552374 0.4290202 0.4981523 0.5020835 0.4645381 0.4941176 0.4848016 0.4501512 0.4904757 0.5102453 0.3832462 0.8132377 0.8122745 0.4603496 0.4795727 0.4620568 0.4106963 0.6255545 0.5986150 0.5003154 0.5790739 0.5466048 0.7163883 0.5430667 0.4739505 0.6019086 0.6491510 0.8134614 0.7161999 0.7586302 1.0405920 0.9153288 0.7880112 
BdDAP1     0.2008572 0.2172610 0.2187249 0.2251582 0.2202778 0.2120372 0.2147011 0.2715430 0.3145504 0.0000000 0.0638673 0.0531796 0.2561954 0.2505624 0.4441516 0.4333741 0.5142013 0.5025201 0.4534036 0.4811068 0.4692661 0.4744638 0.5092126 0.5348834 0.3805612 0.7868043 0.7859142 0.4325245 0.4412956 0.4309042 0.3837612 0.6044450 0.6082353 0.5070137 0.5981979 0.5279986 0.6225018 0.5155207 0.4781239 0.5891297 0.6763339 0.8135405 0.7122550 0.7571897 1.0117370 0.8982393 0.7954058 
SbDAP1     0.1981152 0.1992925 0.2115332 0.2122642 0.2021963 0.2017284 0.1978751 0.2549120 0.2958585 0.0638673 0.0000000 0.0485530 0.2581864 0.2526498 0.4234090 0.4195345 0.5055941 0.4994359 0.4547632 0.4820890 0.4680150 0.4667644 0.5069720 0.5287760 0.3730008 0.7898469 0.8075318 0.4468059 0.4575027 0.4550926 0.3710542 0.6058075 0.5899609 0.4688597 0.5727289 0.5305509 0.6444272 0.5219943 0.4736847 0.5675990 0.6516138 0.7779932 0.7170403 0.7589780 1.0307860 0.9250860 0.8234238 
OsjDAP1.1  0.2049529 0.2195560 0.2204878 0.2185613 0.2109240 0.1935104 0.1960140 0.2646609 0.3016259 0.0531796 0.0485530 0.0000000 0.2603349 0.2548004 0.4307938 0.4191743 0.4842960 0.4948168 0.4508828 0.4828081 0.4739887 0.4711408 0.5081518 0.5297747 0.3775741 0.7811112 0.7924602 0.4370579 0.4552746 0.4478570 0.3822913 0.6026432 0.5746654 0.4955404 0.5757610 0.5207363 0.6066869 0.5085098 0.4642640 0.5790689 0.6354307 0.7717202 0.7005170 0.7441565 1.0030620 0.9197301 0.8195357 
SmDAP1b    0.2880715 0.2768668 0.2692148 0.2658288 0.2861659 0.2624431 0.2709363 0.2894286 0.2791999 0.2561954 0.2581864 0.2603349 0.0000000 0.0048332 0.4770407 0.4618748 0.5022369 0.5096911 0.4754950 0.4762864 0.4745778 0.4896410 0.5039817 0.5458910 0.4073970 0.8611859 0.8923482 0.4952638 0.4746496 0.4709930 0.3741286 0.6539066 0.6780926 0.5371587 0.7012484 0.6392691 0.6885859 0.5500094 0.4867074 0.6247356 0.7087945 0.7753667 0.7486262 0.7978227 1.0563961 0.9191480 0.7904360 
SmDAP1a    0.2898679 0.2711923 0.2634450 0.2600850 0.2802823 0.2597641 0.2651736 0.2912000 0.2733425 0.2505624 0.2526498 0.2548004 0.0048332 0.0000000 0.4696977 0.4546814 0.4946766 0.5020392 0.4693424 0.4684531 0.4667598 0.4817428 0.4958895 0.5375619 0.4040815 0.8512827 0.8823262 0.4872542 0.4667122 0.4631103 0.3774148 0.6482279 0.6741575 0.5339673 0.6919599 0.6305296 0.6956815 0.5419045 0.4785432 0.6195514 0.7146174 0.7796978 0.7424187 0.7913924 1.0604103 0.9232236 0.7949975 
MpRccDAP2  0.4548419 0.5022924 0.4796400 0.4694428 0.4699434 0.4523212 0.4562938 0.4826584 0.4552374 0.4441516 0.4234090 0.4307938 0.4770407 0.4696977 0.0000000 0.2050120 0.3765362 0.3813470 0.5130028 0.5066148 0.4846939 0.4870575 0.5056299 0.5482234 0.3656093 0.7655900 0.7548475 0.4732679 0.5052883 0.4842761 0.3973471 0.6005338 0.5961487 0.5126153 0.5504479 0.4975899 0.7093095 0.5272314 0.5352531 0.6308318 0.6992772 0.7768833 0.7824423 0.8100771 1.0263783 0.9256227 0.8362604 
MpCCMPDAP2 0.4228929 0.4998378 0.4436797 0.4284679 0.4498784 0.4477145 0.4534428 0.4744131 0.4290202 0.4333741 0.4195345 0.4191743 0.4618748 0.4546814 0.2050120 0.0000000 0.3294519 0.3123294 0.4755369 0.4833463 0.4853956 0.4608994 0.5158965 0.5424680 0.3525311 0.7449428 0.7617736 0.4404495 0.4681017 0.4500055 0.4004298 0.6201847 0.6141506 0.5121703 0.5413754 0.4889632 0.6872661 0.5007112 0.5152297 0.6357758 0.6648839 0.8218890 0.8075396 0.8503551 1.0721538 0.9492827 0.8397337 
OlDAP2     0.4968956 0.5195354 0.4749595 0.4684666 0.4676450 0.4601496 0.4724131 0.5002816 0.4981523 0.5142013 0.5055941 0.4842960 0.5022369 0.4946766 0.3765362 0.3294519 0.0000000 0.1135764 0.4841147 0.4842095 0.4899284 0.4662552 0.4903511 0.5325972 0.3883799 0.8472795 0.8388367 0.5043514 0.5225463 0.5035922 0.4031165 0.6822728 0.5926308 0.5727192 0.5610942 0.5784144 0.7115415 0.5827149 0.5229206 0.6307291 0.7252281 0.8454410 0.8717580 0.9445696 1.1802416 1.0531832 0.9193478 
OtDAP2     0.5181106 0.5384042 0.4999828 0.4982762 0.5098117 0.4846694 0.4959774 0.5085343 0.5020835 0.5025201 0.4994359 0.4948168 0.5096911 0.5020392 0.3813470 0.3123294 0.1135764 0.0000000 0.5090585 0.5119736 0.5032824 0.4838559 0.5097020 0.5392651 0.4160476 0.8787315 0.8817357 0.4962911 0.5237028 0.5106127 0.4430119 0.6999921 0.6436844 0.5767447 0.5816372 0.5824766 0.7290504 0.6088415 0.5725184 0.6662653 0.8023035 0.8689315 0.9091584 0.9676982 1.2500575 1.0507379 0.9476290 
AtDAP2     0.4470935 0.5082180 0.4617443 0.4634957 0.5005062 0.4628955 0.4653545 0.4907618 0.4645381 0.4534036 0.4547632 0.4508828 0.4754950 0.4693424 0.5130028 0.4755369 0.4841147 0.5090585 0.0000000 0.1483021 0.1299747 0.1531194 0.1712530 0.1989453 0.3366231 0.7584792 0.7388434 0.2030180 0.2286938 0.2089332 0.3322481 0.5467164 0.6614681 0.5664073 0.6892281 0.6360131 0.6901570 0.5540722 0.5593386 0.6917910 0.7797013 0.8922692 0.7401258 0.7924207 1.1139600 0.9679909 0.8911504 
PtDAP2     0.4782739 0.5150045 0.4955937 0.4884864 0.5297810 0.4643880 0.4709516 0.5045194 0.4941176 0.4811068 0.4820890 0.4828081 0.4762864 0.4684531 0.5066148 0.4833463 0.4842095 0.5119736 0.1483021 0.0000000 0.0957676 0.1392564 0.1397867 0.1698445 0.3405223 0.7681605 0.7445358 0.1922283 0.1990576 0.1855828 0.3483006 0.5557127 0.6594296 0.5863629 0.7045554 0.6332359 0.7438389 0.5924762 0.5603244 0.6499089 0.7865682 0.9403313 0.7992856 0.8413536 1.1772526 0.9919346 0.9079985 
VvDAP2     0.4673619 0.5187193 0.4811336 0.4853478 0.5069043 0.4748138 0.4768465 0.5271348 0.4848016 0.4692661 0.4680150 0.4739887 0.4745778 0.4667598 0.4846939 0.4853956 0.4899284 0.5032824 0.1299747 0.0957676 0.0000000 0.1046483 0.1175380 0.1445488 0.3220154 0.7498638 0.7263045 0.1640095 0.1828174 0.1697602 0.3312065 0.5243659 0.6708141 0.5677186 0.7119113 0.6532857 0.7155332 0.5871833 0.5661569 0.6328724 0.8016868 0.9029187 0.7986944 0.8081961 1.1524602 1.0122520 0.8851665 
MtDAP2     0.4720367 0.5280260 0.4864318 0.4884194 0.5024372 0.4733065 0.4668294 0.5166537 0.4501512 0.4744638 0.4667644 0.4711408 0.4896410 0.4817428 0.4870575 0.4608994 0.4662552 0.4838559 0.1531194 0.1392564 0.1046483 0.0000000 0.0940103 0.1243982 0.3093815 0.7392031 0.7348854 0.1952091 0.2123392 0.2070629 0.3316786 0.5617151 0.6447133 0.5587361 0.6695593 0.6327961 0.7222681 0.5657789 0.5598523 0.6417648 0.7997927 0.8796200 0.7867530 0.8341300 1.1249119 1.0063790 0.8932832 
GmDAP2a    0.4810604 0.5390602 0.5065732 0.4978252 0.5446778 0.4906889 0.4913061 0.5457371 0.4904757 0.5092126 0.5069720 0.5081518 0.5039817 0.4958895 0.5056299 0.5158965 0.4903511 0.5097020 0.1712530 0.1397867 0.1175380 0.0940103 0.0000000 0.0489774 0.3391153 0.7360528 0.7296048 0.2252019 0.2288037 0.2275133 0.3628748 0.5554881 0.6985962 0.5922645 0.7091454 0.6454290 0.7363863 0.6117239 0.5920631 0.6749204 0.8220373 0.9088074 0.8438676 0.8653332 1.1677695 1.0424596 0.9203265 
GmDAP2b    0.5121116 0.5620610 0.5408816 0.5236968 0.5612513 0.5153882 0.5161371 0.5981430 0.5102453 0.5348834 0.5287760 0.5297747 0.5458910 0.5375619 0.5482234 0.5424680 0.5325972 0.5392651 0.1989453 0.1698445 0.1445488 0.1243982 0.0489774 0.0000000 0.3626384 0.7495759 0.7344419 0.2509368 0.2641012 0.2561698 0.3964136 0.5685890 0.7391051 0.6120552 0.7509119 0.6876024 0.7752516 0.6445077 0.6281784 0.6931283 0.8310568 0.9540794 0.8526251 0.8859359 1.2097179 1.0907324 0.9828009 
PpDAP2a    0.3528884 0.4003093 0.3625582 0.3704076 0.3929104 0.3815661 0.3987367 0.4078153 0.3832462 0.3805612 0.3730008 0.3775741 0.4073970 0.4040815 0.3656093 0.3525311 0.3883799 0.4160476 0.3366231 0.3405223 0.3220154 0.3093815 0.3391153 0.3626384 0.0000000 0.5712513 0.5771155 0.3149661 0.3249440 0.3173460 0.1960380 0.4055055 0.5914445 0.5198028 0.6195796 0.5654067 0.6336415 0.5030117 0.5222045 0.5806288 0.6760557 0.9078239 0.7071394 0.7532134 1.0408164 0.8715142 0.7734015 
PpDAP2b1   0.7945259 0.8435464 0.8420786 0.8092753 0.8139773 0.8244991 0.8240960 0.8615744 0.8132377 0.7868043 0.7898469 0.7811112 0.8611859 0.8512827 0.7655900 0.7449428 0.8472795 0.8787315 0.7584792 0.7681605 0.7498638 0.7392031 0.7360528 0.7495759 0.5712513 0.0000000 0.1261633 0.7823036 0.7980190 0.7848476 0.6409886 0.4420863 1.0171350 0.9093465 1.0453892 0.9572989 1.1408282 0.9897663 0.9389068 1.0538156 0.9981096 1.3982193 1.1980299 1.2772898 1.6254622 1.3800237 1.3014253 
PpDAP2b2   0.8403695 0.8632246 0.8548141 0.8355085 0.8305204 0.8478917 0.8535323 0.8863423 0.8122745 0.7859142 0.8075318 0.7924602 0.8923482 0.8823262 0.7548475 0.7617736 0.8388367 0.8817357 0.7388434 0.7445358 0.7263045 0.7348854 0.7296048 0.7344419 0.5771155 0.1261633 0.0000000 0.7696257 0.7905634 0.7721193 0.6523336 0.4296855 1.0318489 0.9356954 1.0339166 0.9723978 1.1229833 0.9581233 0.9379584 1.0184784 0.9611264 1.3813333 1.1829356 1.2674474 1.5392596 1.2933762 1.2739165 
BdDAP2     0.4653902 0.4962204 0.4827969 0.4723213 0.4946820 0.4899942 0.4906790 0.4983744 0.4603496 0.4325245 0.4468059 0.4370579 0.4952638 0.4872542 0.4732679 0.4404495 0.5043514 0.4962911 0.2030180 0.1922283 0.1640095 0.1952091 0.2252019 0.2509368 0.3149661 0.7823036 0.7696257 0.0000000 0.0560973 0.0404661 0.3606313 0.5623526 0.6812045 0.5882166 0.6414347 0.6390056 0.7457916 0.5496080 0.5779387 0.6506430 0.8107240 0.8906899 0.7966126 0.8157734 1.1250448 0.9781947 0.9259958 
SbDAP2     0.4620596 0.5046165 0.4802108 0.4630726 0.5020286 0.4809606 0.5008628 0.5002882 0.4795727 0.4412956 0.4575027 0.4552746 0.4746496 0.4667122 0.5052883 0.4681017 0.5225463 0.5237028 0.2286938 0.1990576 0.1828174 0.2123392 0.2288037 0.2641012 0.3249440 0.7980190 0.7905634 0.0560973 0.0000000 0.0640119 0.3563867 0.5754526 0.6757408 0.6185544 0.6797611 0.6508990 0.7816059 0.5678340 0.5948310 0.6696310 0.8211665 0.8713131 0.7976740 0.8250029 1.1461654 0.9670106 0.9440938 
OsjDAP2    0.4566323 0.4953812 0.4757601 0.4730962 0.4954975 0.4876411 0.4883127 0.4833199 0.4620568 0.4309042 0.4550926 0.4478570 0.4709930 0.4631103 0.4842761 0.4500055 0.5035922 0.5106127 0.2089332 0.1855828 0.1697602 0.2070629 0.2275133 0.2561698 0.3173460 0.7848476 0.7721193 0.0404661 0.0640119 0.0000000 0.3739051 0.5653299 0.6672718 0.5990671 0.6634191 0.6515425 0.7915070 0.5568083 0.5757759 0.6509118 0.7998910 0.8818412 0.7774371 0.8322775 1.1277854 0.9557363 0.9373425 
SmDAP2a    0.3530747 0.4050092 0.3847597 0.3758865 0.3966624 0.3864547 0.4081033 0.4278144 0.4106963 0.3837612 0.3710542 0.3822913 0.3741286 0.3774148 0.3973471 0.4004298 0.4031165 0.4430119 0.3322481 0.3483006 0.3312065 0.3316786 0.3628748 0.3964136 0.1960380 0.6409886 0.6523336 0.3606313 0.3563867 0.3739051 0.0000000 0.4522242 0.6672949 0.5551407 0.6392070 0.5846113 0.6504681 0.5544468 0.5834904 0.6236094 0.6851295 0.8442018 0.7734953 0.8158810 1.0332219 0.8918873 0.7886726 
SmDAP2b    0.6611258 0.6537158 0.6321621 0.6412344 0.6859918 0.6745347 0.6848971 0.6769223 0.6255545 0.6044450 0.6058075 0.6026432 0.6539066 0.6482279 0.6005338 0.6201847 0.6822728 0.6999921 0.5467164 0.5557127 0.5243659 0.5617151 0.5554881 0.5685890 0.4055055 0.4420863 0.4296855 0.5623526 0.5754526 0.5653299 0.4522242 0.0000000 0.8962765 0.7311607 0.8758295 0.7992997 0.9259307 0.7970801 0.7851066 0.8732341 0.8045234 1.1052870 1.0034467 1.0745080 1.4880487 1.1908922 1.1756373 
MpRccDAP1  0.5861226 0.6604488 0.6217728 0.6477168 0.6446343 0.6291306 0.6302400 0.6275128 0.5986150 0.6082353 0.5899609 0.5746654 0.6780926 0.6741575 0.5961487 0.6141506 0.5926308 0.6436844 0.6614681 0.6594296 0.6708141 0.6447133 0.6985962 0.7391051 0.5914445 1.0171350 1.0318489 0.6812045 0.6757408 0.6672718 0.6672949 0.8962765 0.0000000 0.2137790 0.4125254 0.4239443 0.8080774 0.6953873 0.6448071 0.8052474 0.7971412 0.8385301 0.9189612 0.9909317 1.0813780 1.1318645 1.0175787 
MpCCMPDAP1 0.5191922 0.5546179 0.5527695 0.5704481 0.5683650 0.5672001 0.5626496 0.5709585 0.5003154 0.5070137 0.4688597 0.4955404 0.5371587 0.5339673 0.5126153 0.5121703 0.5727192 0.5767447 0.5664073 0.5863629 0.5677186 0.5587361 0.5922645 0.6120552 0.5198028 0.9093465 0.9356954 0.5882166 0.6185544 0.5990671 0.5551407 0.7311607 0.2137790 0.0000000 0.4068414 0.4113216 0.7093075 0.6004910 0.6342575 0.7772454 0.6961905 0.7808885 0.8673979 0.8981114 1.0772310 1.0374663 1.0064626 
OlDAP1     0.6313707 0.6361370 0.6343390 0.6195771 0.6247741 0.6380647 0.6234365 0.6502284 0.5790739 0.5981979 0.5727289 0.5757610 0.7012484 0.6919599 0.5504479 0.5413754 0.5610942 0.5816372 0.6892281 0.7045554 0.7119113 0.6695593 0.7091454 0.7509119 0.6195796 1.0453892 1.0339166 0.6414347 0.6797611 0.6634191 0.6392070 0.8758295 0.4125254 0.4068414 0.0000000 0.1459929 0.8727976 0.6849695 0.6756656 0.7879416 0.9586857 0.9160768 1.0318987 1.0580664 1.1309027 1.1596774 1.1238567 
OtDAP1     0.5790689 0.5995065 0.5778236 0.5756581 0.5848950 0.5957290 0.5779716 0.5978786 0.5466048 0.5279986 0.5305509 0.5207363 0.6392691 0.6305296 0.4975899 0.4889632 0.5784144 0.5824766 0.6360131 0.6332359 0.6532857 0.6327961 0.6454290 0.6876024 0.5654067 0.9572989 0.9723978 0.6390056 0.6508990 0.6515425 0.5846113 0.7992997 0.4239443 0.4113216 0.1459929 0.0000000 0.8033023 0.6204127 0.6192115 0.7600053 0.8311403 0.8764046 0.9676215 0.9903584 1.0691223 1.0673910 1.0271187 
PiDAP      0.6832501 0.7189901 0.7230817 0.7193789 0.7022046 0.6686399 0.6802056 0.7278958 0.7163883 0.6225018 0.6444272 0.6066869 0.6885859 0.6956815 0.7093095 0.6872661 0.7115415 0.7290504 0.6901570 0.7438389 0.7155332 0.7222681 0.7363863 0.7752516 0.6336415 1.1408282 1.1229833 0.7457916 0.7816059 0.7915070 0.6504681 0.9259307 0.8080774 0.7093075 0.8727976 0.8033023 0.0000000 0.7732820 0.7589164 0.8888636 0.7968383 0.8618508 0.8041660 0.8230776 0.9725127 0.9023057 0.7626140 
CrDAP      0.5271888 0.5552435 0.5716142 0.5528002 0.5344691 0.5393779 0.5269118 0.5483579 0.5430667 0.5155207 0.5219943 0.5085098 0.5500094 0.5419045 0.5272314 0.5007112 0.5827149 0.6088415 0.5540722 0.5924762 0.5871833 0.5657789 0.6117239 0.6445077 0.5030117 0.9897663 0.9581233 0.5496080 0.5678340 0.5568083 0.5544468 0.7970801 0.6953873 0.6004910 0.6849695 0.6204127 0.7732820 0.0000000 0.3604585 0.4824592 0.7852460 0.9724879 0.7781106 0.8307671 1.1337160 1.0089422 0.8869616 
CsDAP      0.5138570 0.5241837 0.5035502 0.4909582 0.4971890 0.4932244 0.4914902 0.4793940 0.4739505 0.4781239 0.4736847 0.4642640 0.4867074 0.4785432 0.5352531 0.5152297 0.5229206 0.5725184 0.5593386 0.5603244 0.5661569 0.5598523 0.5920631 0.6281784 0.5222045 0.9389068 0.9379584 0.5779387 0.5948310 0.5757759 0.5834904 0.7851066 0.6448071 0.6342575 0.6756656 0.6192115 0.7589164 0.3604585 0.0000000 0.4264400 0.7229947 0.8853209 0.7674506 0.8609773 1.1466547 1.0148855 0.8767618 
CvDAP      0.6298409 0.6053561 0.5556955 0.5816027 0.6118697 0.6047334 0.6134268 0.6032721 0.6019086 0.5891297 0.5675990 0.5790689 0.6247356 0.6195514 0.6308318 0.6357758 0.6307291 0.6662653 0.6917910 0.6499089 0.6328724 0.6417648 0.6749204 0.6931283 0.5806288 1.0538156 1.0184784 0.6506430 0.6696310 0.6509118 0.6236094 0.8732341 0.8052474 0.7772454 0.7879416 0.7600053 0.8888636 0.4824592 0.4264400 0.0000000 0.9092042 0.9808847 0.9445378 1.0243881 1.3201096 1.1788612 0.9794470 
CpDAP      0.6538817 0.6360286 0.6618945 0.6587565 0.6365661 0.6374723 0.6463201 0.6240801 0.6491510 0.6763339 0.6516138 0.6354307 0.7087945 0.7146174 0.6992772 0.6648839 0.7252281 0.8023035 0.7797013 0.7865682 0.8016868 0.7997927 0.8220373 0.8310568 0.6760557 0.9981096 0.9611264 0.8107240 0.8211665 0.7998910 0.6851295 0.8045234 0.7971412 0.6961905 0.9586857 0.8311403 0.7968383 0.7852460 0.7229947 0.9092042 0.0000000 0.7340732 0.7675639 0.7907459 1.0440819 1.0166839 0.8161976 
PcDAP      0.8410249 0.8597908 0.8597140 0.8429813 0.8113906 0.8506839 0.8443659 0.7815367 0.8134614 0.8135405 0.7779932 0.7717202 0.7753667 0.7796978 0.7768833 0.8218890 0.8454410 0.8689315 0.8922692 0.9403313 0.9029187 0.8796200 0.9088074 0.9540794 0.9078239 1.3982193 1.3813333 0.8906899 0.8713131 0.8818412 0.8442018 1.1052870 0.8385301 0.7808885 0.9160768 0.8764046 0.8618508 0.9724879 0.8853209 0.9808847 0.7340732 0.0000000 0.9278955 0.9750352 1.1340144 1.0817344 1.0469130 
HsDNPEP    0.7163996 0.7594642 0.7623085 0.7224631 0.7269448 0.7547323 0.7542529 0.7523595 0.7161999 0.7122550 0.7170403 0.7005170 0.7486262 0.7424187 0.7824423 0.8075396 0.8717580 0.9091584 0.7401258 0.7992856 0.7986944 0.7867530 0.8438676 0.8526251 0.7071394 1.1980299 1.1829356 0.7966126 0.7976740 0.7774371 0.7734953 1.0034467 0.9189612 0.8673979 1.0318987 0.9676215 0.8041660 0.7781106 0.7674506 0.9445378 0.7675639 0.9278955 0.0000000 0.0850782 1.0129405 0.8838840 0.7737815 
MmDNPEP    0.7441480 0.7798719 0.7996508 0.7568110 0.7541975 0.7615366 0.7614919 0.7972828 0.7586302 0.7571897 0.7589780 0.7441565 0.7978227 0.7913924 0.8100771 0.8503551 0.9445696 0.9676982 0.7924207 0.8413536 0.8081961 0.8341300 0.8653332 0.8859359 0.7532134 1.2772898 1.2674474 0.8157734 0.8250029 0.8322775 0.8158810 1.0745080 0.9909317 0.8981114 1.0580664 0.9903584 0.8230776 0.8307671 0.8609773 1.0243881 0.7907459 0.9750352 0.0850782 0.0000000 1.0119432 0.9001995 0.7697367 
ScDAP      1.0253606 1.0446612 1.0460109 1.0093916 1.0616130 1.0279007 1.0280424 1.0514619 1.0405920 1.0117370 1.0307860 1.0030620 1.0563961 1.0604103 1.0263783 1.0721538 1.1802416 1.2500575 1.1139600 1.1772526 1.1524602 1.1249119 1.1677695 1.2097179 1.0408164 1.6254622 1.5392596 1.1250448 1.1461654 1.1277854 1.0332219 1.4880487 1.0813780 1.0772310 1.1309027 1.0691223 0.9725127 1.1337160 1.1466547 1.3201096 1.0440819 1.1340144 1.0129405 1.0119432 0.0000000 0.7870334 0.6569803 
SpDAP      0.9374968 0.9427277 0.9248433 0.9368445 0.9343194 0.9232939 0.9283750 0.8786739 0.9153288 0.8982393 0.9250860 0.9197301 0.9191480 0.9232236 0.9256227 0.9492827 1.0531832 1.0507379 0.9679909 0.9919346 1.0122520 1.0063790 1.0424596 1.0907324 0.8715142 1.3800237 1.2933762 0.9781947 0.9670106 0.9557363 0.8918873 1.1908922 1.1318645 1.0374663 1.1596774 1.0673910 0.9023057 1.0089422 1.0148855 1.1788612 1.0166839 1.0817344 0.8838840 0.9001995 0.7870334 0.0000000 0.6444814 
AoDAP      0.8156043 0.8469715 0.8282797 0.8176086 0.7896543 0.7892943 0.7968716 0.7838491 0.7880112 0.7954058 0.8234238 0.8195357 0.7904360 0.7949975 0.8362604 0.8397337 0.9193478 0.9476290 0.8911504 0.9079985 0.8851665 0.8932832 0.9203265 0.9828009 0.7734015 1.3014253 1.2739165 0.9259958 0.9440938 0.9373425 0.7886726 1.1756373 1.0175787 1.0064626 1.1238567 1.0271187 0.7626140 0.8869616 0.8767618 0.9794470 0.8161976 1.0469130 0.7737815 0.7697367 0.6569803 0.6444814 0.0000000 
